2015/12/03 04:28:18 1101 2
0	34.2923529411764
-1	34.2911764705883
-2	34.29
-3	34.2888235294118
-4	34.2884984575836
-5	34.2881
-6	34.2881655844156
-7	34.2880120141343
-8	34.2877
-9	34.2882539370079
-10	34.2881970833333
-11	34.2881704761905
-12	34.2881615151515
-13	34.2876177121771
-14	34.2879159010601
-15	34.2876343980344
-16	34.2877357894737
-17	34.2881545150502
-18	34.2877968652038
-19	34.2872405797101
-20	34.2873305263158
-21	34.2870096153846
-22	34.2876
-23	34.2875007537688
-24	34.2878503144654
-25	34.2873128113879
-26	34.2875786764706
-27	34.2873627306273
-28	34.2876
-29	34.2877613180516
-30	34.2875566666667
-31	34.2875346560847
-32	34.2873685
-33	34.2877943661972
-34	34.2875912087912
-35	34.2878
-36	34.2878735042735
-37	34.2877856687898
-38	34.2877
-39	34.2878345821326
-40	34.2878767068273
-41	34.2877558333333
-42	34.2878
-43	34.2874173913043
-44	34.2876
-45	34.2878204819277
-46	34.287942
-47	34.2877030075188
-48	34.2879208835341
-49	34.2878
-50	34.2879390852391
-51	34.2870751173709
-52	34.2877824884793
-53	34.2878676712329
-54	34.2877386934673
-55	34.2877881538462
-56	34.2875538461538
-57	34.2877914040115
-58	34.2875
-59	34.2871662337662
-60	34.2878864353312
-61	34.2872347169811
-62	34.2873675675676
-63	34.2881395683453
-64	34.2877925
-65	34.2879320987654
-66	34.2878165016502
-67	34.2879262839879
-68	34.2877430232558
-69	34.2876881305638
-70	34.287475862069
-71	34.287234375
-72	34.2875063492063
-73	34.2879715789474
-74	34.2874633633634
-75	34.2872869127517
-76	34.2871162790698
-77	34.2873213675214
-78	34.2880740384615
-79	34.2876712
-80	34.2874326923077
-81	34.2865031034483
-82	34.2888793103448
-83	34.2882856236787
-84	34.2900693989071
-85	34.2913133858268
-86	34.2897685279188
-87	34.2907509363296
-88	34.2910566820277
-89	34.2902903536978
-90	34.2903790476191
-91	34.2902619047619
-92	34.2904764302059
-93	34.2897417910448
-94	34.2903137755102
-95	34.2893428571429
-96	34.2895396825397
-97	34.2889458333333
-98	34.288932505176
-99	34.2919369369369
-100	34.2941739130435
-101	34.2955365914787
-102	34.2989814385151
-103	34.3020672316384
-104	34.30706
-105	34.3125720538721
-106	34.3185580335732
-107	34.3182436619718
-108	34.3259113475177
-109	34.3321743961353
-110	34.3420263157895
-111	34.3465836120401
-112	34.3544474452555
-113	34.3661108882522
-114	34.3730827160494
-115	34.390724691358
-116	34.3983376237624
-117	34.4094100642398
-118	34.41357154047
-119	34.4171662650602
-120	34.4185301204819
-121	34.4289160990712
-122	34.4362845238095
-123	34.4430201716738
-124	34.4629192192192
-125	34.4845016194332
-126	34.4895526184539
-127	34.4961422535211
-128	34.505603
-129	34.5096363013699
-130	34.5139591603053
-131	34.5168913419913
-132	34.5211950819672
-133	34.5411680751174
-134	34.5520736720554
-135	34.558676
-136	34.5750534246575
-137	34.5858444108761
-138	34.59055
-139	34.5914888888889
-140	34.5953050802139
-141	34.5966181494662
-142	34.5993886904762
-143	34.6010079136691
-144	34.6031675590551
-145	34.6025054161163
-146	34.6126865724382
-147	34.6274789644013
-148	34.6350698324022
-149	34.6338440414508
-150	34.6255488612837
-151	34.6281139534884
-152	34.6285
-153	34.6228316666667
-154	34.6468578347578
-155	34.6392207865169
-156	34.6461523809524
-157	34.6461
-158	34.6531004587156
-159	34.6567967213115
-160	34.6483686567164
-161	34.654430726257
-162	34.6666465116279
-163	34.6685435294118
-164	34.6709226993865
-165	34.6718520912548
-166	34.6684728813559
-167	34.6729688073395
-168	34.6764941176471
-169	34.6787073964497
-170	34.6928844827586
-171	34.6955844547564
-172	34.6988277227723
-173	34.699
-174	34.7004063492064
-175	34.7085777777778
-176	34.71
-177	34.7097255574614
-178	34.7121
-179	34.712456
-180	34.7160082191781
-181	34.7167471153846
-182	34.7189414414414
-183	34.7195013086151
-184	34.7209742574257
-185	34.7214246268657
-186	34.7216519637462
-187	34.7221338485317
-188	34.7226770661157
-189	34.724666848816
-190	34.7236070680628
-191	34.7246980848153
-192	34.7246385869565
-193	34.7246055045872
-194	34.7268532467532
-195	34.7293107023411
-196	34.7341641509434
-197	34.736268115942
-198	34.737
-199	34.7388460526316
-200	34.7412734693878
-201	34.7444336363636
-202	34.7492
-203	34.7497358695652
-204	34.7500139784946
-205	34.7503292993631
-206	34.7524058495822
-207	34.7548
-208	34.75826
-209	34.7619437288136
-210	34.7636855932203
-211	34.7647759259259
-212	34.7664209677419
-213	34.7678160621762
-214	34.7742701492537
-215	34.778873220339
-216	34.7804958598726
-217	34.7807
-218	34.7806610921502
-219	34.7814497607656
-220	34.7839
-221	34.7835546255507
-222	34.7852295264624
-223	34.7851546637744
-224	34.7851
-225	34.7858192982456
-226	34.7877524324324
-227	34.7882850498339
-228	34.7897177339901
-229	34.7897992
-230	34.7916891719745
-231	34.7978031578947
-232	34.7992583333333
-233	34.801001863354
-234	34.8017704761905
-235	34.8058469594595
-236	34.8098100840336
-237	34.8114684210526
-238	34.8118063670412
-239	34.8122370491803
-240	34.8118067073171
-241	34.8130618075802
-242	34.8142
-243	34.8144845697329
-244	34.8146984771574
-245	34.8151948598131
-246	34.8156075301205
-247	34.8178168103448
-248	34.8189
-249	34.8192030075188
-250	34.8209590443686
-251	34.8215970149254
-252	34.8220294820717
-253	34.822645923913
-254	34.8241901197605
-255	34.8247765957447
-256	34.8251526153846
-257	34.8248045714286
-258	34.8256434180139
-259	34.8267056451613
-260	34.8283444444444
-261	34.8290918987342
-262	34.8294490066225
-263	34.8297086956522
-264	34.8294656716418
-265	34.829852756654
-266	34.8303
-267	34.8299
-268	34.8304230235784
-269	34.8310569444444
-270	34.8312
-271	34.8317800970874
-272	34.8315842629482
-273	34.8325412037037
-274	34.8326634615385
-275	34.8333544303797
-276	34.8337
-277	34.8334102803738
-278	34.8333923076923
-279	34.833818469657
-280	34.8341460580913
-281	34.8345887029289
-282	34.8342811428571
-283	34.8345983870968
-284	34.8344279245283
-285	34.8346888888889
-286	34.834346799117
-287	34.8349
-288	34.8354
-289	34.8359
-290	34.8358
-291	34.8360481651376
-292	34.8358575
-293	34.8361566371681
-294	34.8364743785851
-295	34.8367753363229
-296	34.8373692995529
-297	34.8375673333333
-298	34.8377255965293
-299	34.8380956989247
-300	34.8385486842105
-301	34.8392653846154
-302	34.8396340659341
-303	34.8400228699552
-304	34.8402
-305	34.8406
-306	34.8404586466165
-307	34.8415514150943
-308	34.8425250645995
-309	34.8446037974684
-310	34.8450050078247
-311	34.8458401028278
-312	34.8461544303798
-313	34.8462749718151
-314	34.8467521978022
-315	34.8468
-316	34.847585046729
-317	34.8482601169591
-318	34.8487385869565
-319	34.8489716186253
-320	34.8496874125874
-321	34.8497490878939
-322	34.8497736677116
-323	34.8496689655172
-324	34.8494570532915
-325	34.8500191011236
-326	34.8497
-327	34.850050877193
-328	34.8499611510791
-329	34.8498
-330	34.8503944976077
-331	34.8508568421053
-332	34.8507
-333	34.8508794285714
-334	34.8510213389121
-335	34.8515373333333
-336	34.8513806666667
-337	34.8514
-338	34.8521
-339	34.8529016759777
-340	34.8531981481481
-341	34.8532570063694
-342	34.8533255033557
-343	34.8540538461539
-344	34.8544719178082
-345	34.8544078853047
-346	34.8542462962963
-347	34.8544871080139
-348	34.8553261904762
-349	34.8554960297767
-350	34.8556981412639
-351	34.8558746268657
-352	34.8554742556918
-353	34.8558464818763
-354	34.8557073770492
-355	34.8554556473829
-356	34.8558090692124
-357	34.8557170454546
-358	34.8556692708333
-359	34.855377398374
-360	34.8556957040573
-361	34.8552
-362	34.855263322884
-363	34.8552209476309
-364	34.854888
-365	34.8553863829787
-366	34.8552950276243
-367	34.8553013888889
-368	34.8554389380531
-369	34.8554280808081
-370	34.85565
-371	34.8572476190476
-372	34.8590259259259
-373	34.8599858536585
-374	34.8601546666667
-375	34.8598236363636
-376	34.8600327731092
-377	34.8600508510638
-378	34.8601408955224
-379	34.86
-380	34.860083625731
-381	34.8600065902579
-382	34.8601798029557
-383	34.8597625441696
-384	34.8599592523365
-385	34.8593860759494
-386	34.8596
-387	34.8598
-388	34.8606
-389	34.8604838709677
-390	34.8605
-391	34.8605724675325
-392	34.8605700819672
-393	34.8605765957447
-394	34.8605304255319
-395	34.8604330218069
-396	34.8601709677419
-397	34.8608991902834
-398	34.8602013245033
-399	34.8601
-400	34.8601495689655
-401	34.8606840490798
-402	34.8611311653117
-403	34.8614946153846
-404	34.8618170940171
-405	34.8628923433875
-406	34.8626895927602
-407	34.8633782101167
-408	34.8631456953642
-409	34.8632103813559
-410	34.8631
-411	34.8629726190476
-412	34.8630573033708
-413	34.8631252252252
-414	34.8629141618497
-415	34.8628099264706
-416	34.8629016528926
-417	34.8627
-418	34.863
-419	34.8629272727273
-420	34.8631700729927
-421	34.8633035087719
-422	34.8632371601208
-423	34.8632
-424	34.8632051282051
-425	34.8636008350731
-426	34.8634891304348
-427	34.8639245283019
-428	34.8642
-429	34.8639111524164
-430	34.8642864646465
-431	34.864492689295
-432	34.8645455913979
-433	34.8644
-434	34.8645477987421
-435	34.8645250353607
-436	34.8646040816327
-437	34.8654080645161
-438	34.866011790393
-439	34.8662521246459
-440	34.867002919708
-441	34.866864
-442	34.8667425806452
-443	34.8665144329897
-444	34.8672575609756
-445	34.8670607655502
-446	34.8676797520661
-447	34.8678
-448	34.8675885964912
-449	34.8676637873754
-450	34.8676358974359
-451	34.867808
-452	34.868
-453	34.8682049222798
-454	34.8681392156863
-455	34.8681217506631
-456	34.8682
-457	34.8683731914894
-458	34.8683
-459	34.8683282758621
-460	34.868103652968
-461	34.8687
-462	34.8689827027027
-463	34.8691
-464	34.8687861111111
-465	34.8692737113402
-466	34.8689754545455
-467	34.8683297297297
-468	34.8689236111111
-469	34.8692356184799
-470	34.8691552795031
-471	34.8688527363184
-472	34.8689
-473	34.8687465053763
-474	34.8692476521739
-475	34.8699674509804
-476	34.8702298969072
-477	34.8705419651996
-478	34.8708620218579
-479	34.8711300699301
-480	34.8708265
-481	34.8712274021352
-482	34.8713355769231
-483	34.8709556552962
-484	34.8716214285714
-485	34.87167852194
-486	34.8715517647059
-487	34.8726720394737
-488	34.8735371747212
-489	34.8737176470588
-490	34.8738597222222
-491	34.8737206405694
-492	34.8736848684211
-493	34.8734894308943
-494	34.8737074626866
-495	34.8738
-496	34.8738930147059
-497	34.8739111111111
-498	34.8738383116883
-499	34.8736767346939
-500	34.8738134920635
-501	34.8737553191489
-502	34.8738246418338
-503	34.8739004132231
-504	34.8734746341463
-505	34.8739854330709
-506	34.8737302752294
-507	34.8737
-508	34.8737
-509	34.8736532894737
-510	34.873572631579
-511	34.8735033519553
-512	34.8734427184466
-513	34.8733793981481
-514	34.8734791489362
-515	34.87345
-516	34.8734
-517	34.8734067833698
-518	34.8736332960894
-519	34.8735268817204
-520	34.8733
-521	34.8730960493827
-522	34.8731778481013
-523	34.8723898351648
-524	34.8723
-525	34.8719844274809
-526	34.8720885601578
-527	34.8716957446809
-528	34.8713092105263
-529	34.8713682997118
-530	34.8715004938272
-531	34.8714
-532	34.8715411764706
-533	34.8717631578947
-534	34.8715345844504
-535	34.8715121673004
-536	34.8713947712418
-537	34.8712
-538	34.8715
-539	34.8713736526946
-540	34.8713623595506
-541	34.8713103825137
-542	34.8715834101383
-543	34.8712
-544	34.8711042895442
-545	34.8709144092219
-546	34.8708
-547	34.8708299145299
-548	34.8709475578406
-549	34.8712130177515
-550	34.8710827988338
-551	34.8708035856574
-552	34.8707728744939
-553	34.8706984126984
-554	34.8708099190283
-555	34.87076
-556	34.8706117147708
-557	34.8705394736842
-558	34.8706758691207
-559	34.8705
-560	34.8710317073171
-561	34.8699983783784
-562	34.8703557312253
-563	34.8699
-564	34.8696876623377
-565	34.8694387096774
-566	34.8694327433628
-567	34.8694246031746
-568	34.8696897172237
-569	34.8692218592965
-570	34.869212565445
-571	34.8690509765625
-572	34.8688498220641
-573	34.8689778169014
-574	34.8688
-575	34.869
-576	34.8689044776119
-577	34.8689
-578	34.8690445833333
-579	34.8691
-580	34.8689117647059
-581	34.8688522954092
-582	34.8686803921569
-583	34.8689536480687
-584	34.8691
-585	34.8691666666667
-586	34.8690277296361
-587	34.8690962765958
-588	34.8692140794224
-589	34.8690700201207
-590	34.8689335907336
-591	34.8689191489362
-592	34.8689563706564
-593	34.8691621428571
-594	34.8689830409357
-595	34.8691062992126
-596	34.8691211438475
-597	34.8691
-598	34.8691773584906
-599	34.8692809976247
-600	34.869
-601	34.8691
-602	34.8693
-603	34.8693
-604	34.8692
-605	34.8692668587896
-606	34.869012967033
-607	34.8688558823529
-608	34.8691276923077
-609	34.8691213592233
-610	34.8687785171103
-611	34.8688
-612	34.8689366812227
-613	34.868702962963
-614	34.8688940298507
-615	34.8687080851064
-616	34.8684738461539
-617	34.8682861176471
-618	34.8683
-619	34.868428742515
-620	34.8681852760736
-621	34.8680153846154
-622	34.8679688481675
-623	34.867806512605
-624	34.8679838046273
-625	34.8676264705882
-626	34.8678757575758
-627	34.8679333333333
-628	34.8682
-629	34.86822
-630	34.8684428571429
-631	34.8681929577465
-632	34.8682641025641
-633	34.8682
-634	34.8683035211268
-635	34.8681613065327
-636	34.8684961956522
-637	34.8682852059925
-638	34.8679141509434
-639	34.8681
-640	34.8682985074627
-641	34.8681
-642	34.868
-643	34.8679370967742
-644	34.8679560137457
-645	34.868
-646	34.8679654255319
-647	34.8678013136289
-648	34.8679005037783
-649	34.8678411700975
-650	34.8679862475442
-651	34.8675490616622
-652	34.8678972727273
-653	34.8679859030837
-654	34.867937184874
-655	34.867692920354
-656	34.8676941441441
-657	34.8679007604563
-658	34.8679968085106
-659	34.867904964539
-660	34.8681
-661	34.8677387978142
-662	34.8681
-663	34.868
-664	34.8680555555556
-665	34.8679956692913
-666	34.8678962848297
-667	34.8679369685767
-668	34.8677
-669	34.8680159090909
-670	34.8680983098592
-671	34.8679303191489
-672	34.8678930851064
-673	34.8678584795322
-674	34.8677932021467
-675	34.8678
-676	34.8676720670391
-677	34.8677734545455
-678	34.8677641025641
-679	34.8676251748252
-680	34.867678700361
-681	34.8676766990291
-682	34.867429661017
-683	34.8675
-684	34.8676486646884
-685	34.8678031578947
-686	34.8678473320778
-687	34.8678
-688	34.8676036697248
-689	34.8678812636166
-690	34.867573006135
-691	34.8679269607843
-692	34.8676189821183
-693	34.8677185093168
-694	34.8675333333333
-695	34.8678029411765
-696	34.8676
-697	34.8674731182796
-698	34.867553358209
-699	34.867697005988
-700	34.8674898245614
-701	34.8672221153846
-702	34.8671777202073
-703	34.8673263671875
-704	34.8673574468085
-705	34.8673372340426
-706	34.8673
-707	34.867224025974
-708	34.8672
-709	34.8674
-710	34.8675875
-711	34.8673326530612
-712	34.86726
-713	34.8670930232558
-714	34.8668513274336
-715	34.8669
-716	34.8669443298969
-717	34.8669
-718	34.8665222222222
-719	34.8664489552239
-720	34.8665337988827
-721	34.8664641686183
-722	34.8664
-723	34.8662661064426
-724	34.8665917177914
-725	34.8662944770858
-726	34.8661102564103
-727	34.8663517311609
-728	34.8667345724907
-729	34.8668193548387
-730	34.8666662234043
-731	34.8666872286079
-732	34.8666664570231
-733	34.8668641255605
-734	34.8666688311688
-735	34.86662
-736	34.8665582524272
-737	34.8664495967742
-738	34.8664030592734
-739	34.8663675834971
-740	34.8663
-741	34.8666368627451
-742	34.8666085158151
-743	34.866612849162
-744	34.866662037037
-745	34.8665073529412
-746	34.8666
-747	34.8666642335766
-748	34.8667587443946
-749	34.86646
-750	34.866748627451
-751	34.8667
-752	34.8667764150943
-753	34.8669959677419
-754	34.8669278810409
-755	34.8670057142857
-756	34.8671950226244
-757	34.8671
-758	34.8670826923077
-759	34.8674
-760	34.8671518438178
-761	34.8670305882353
-762	34.8669528888889
-763	34.8673
-764	34.8673678362573
-765	34.8671998230088
-766	34.8671159468439
-767	34.8672329466357
-768	34.8673013761468
-769	34.8672
-770	34.8673304075235
-771	34.8673797927461
-772	34.8672913486005
-773	34.8674937269373
-774	34.8676
-775	34.8674445751634
-776	34.8675752941177
-777	34.8677853211009
-778	34.8675147651007
-779	34.8677744897959
-780	34.8677509803922
-781	34.8675
-782	34.8679257425743
-783	34.8678626506024
-784	34.8679280936455
-785	34.8680827242525
-786	34.8687
-787	34.8683537604457
-788	34.8685254237288
-789	34.8685273127753
-790	34.8685495238095
-791	34.8683273913044
-792	34.8683768292683
-793	34.8685550387597
-794	34.8687428571429
-795	34.868831884058
-796	34.8689
-797	34.8687412121212
-798	34.8690085
-799	34.868828
-800	34.8694344051447
-801	34.8695448275862
-802	34.8694
-803	34.8694
-804	34.8696983146067
-805	34.8695
-806	34.8699
-807	34.8701163636364
-808	34.87
-809	34.8696256480218
-810	34.8696746963563
-811	34.8694405857741
-812	34.8693375565611
-813	34.8694
-814	34.8694
-815	34.8694
-816	34.8693208406305
-817	34.8695484057971
-818	34.8695609060403
-819	34.8694488372093
-820	34.8693898550725
-821	34.8693170212766
-822	34.869508115942
-823	34.8697022346369
-824	34.8699421052632
-825	34.8698133004926
-826	34.8699207756233
-827	34.8703593548387
-828	34.8701466101695
-829	34.8700906779661
-830	34.8701348387097
-831	34.8703858736059
-832	34.8704898026316
-833	34.8701707317073
-834	34.8702935483871
-835	34.8705008645533
-836	34.8701423913044
-837	34.8703119170985
-838	34.8706033557047
-839	34.8703772413793
-840	34.8704
-841	34.8701658823529
-842	34.8701429022082
-843	34.8705191304348
-844	34.8705746428571
-845	34.8702
-846	34.8701015544041
-847	34.8700791208791
-848	34.8701637826962
-849	34.8702328
-850	34.870290234375
-851	34.8702105263158
-852	34.8702421686747
-853	34.8701
-854	34.8701591133005
-855	34.8703
-856	34.8699
-857	34.8702712389381
-858	34.8702955172414
-859	34.8703457725947
-860	34.8702710144928
-861	34.8702602189781
-862	34.8702624161074
-863	34.8705988857939
-864	34.8703079295154
-865	34.8705617021277
-866	34.8704
-867	34.8704116071429
-868	34.8706921875
-869	34.87048125
-870	34.8706874418605
-871	34.8708
-872	34.8708
-873	34.8711981900453
-874	34.8712240740741
-875	34.8715496402878
-876	34.8712968888889
-877	34.8714984189723
-878	34.8717
-879	34.8717006430868
-880	34.871714619883
-881	34.8718611764706
-882	34.8716127586207
-883	34.8718860986547
-884	34.8718274111675
-885	34.8718630350195
-886	34.8719117166213
-887	34.8719233333333
-888	34.872173902439
-889	34.872162745098
-890	34.8720598130841
-891	34.8722
-892	34.8720542274052
-893	34.872171957672
-894	34.872234765625
-895	34.8723884615385
-896	34.8721465753425
-897	34.8723484593838
-898	34.8724704081633
-899	34.8725539358601
-900	34.8725977375566
-901	34.8725
-902	34.8726920502092
-903	34.8727
-904	34.8730399103139
-905	34.8726509749304
-906	34.8729
-907	34.8729616033755
-908	34.8728705479452
-909	34.8730117948718
-910	34.8731203296703
-911	34.8729948616601
-912	34.8730777472528
-913	34.873
-914	34.8733766467066
-915	34.8730199356913
-916	34.8729950672646
-917	34.8732
-918	34.8732902439024
-919	34.8733435643564
-920	34.8738134099617
-921	34.8741945945946
-922	34.8742
-923	34.8742024390244
-924	34.8743107438017
-925	34.8744264
-926	34.8745084745763
-927	34.8745489247312
-928	34.8742257016248
-929	34.8745628125
-930	34.8747898305085
-931	34.8750735218509
-932	34.8750347721823
-933	34.8750106796117
-934	34.8749917127072
-935	34.8750644128114
-936	34.8750173697271
-937	34.8751663366337
-938	34.8750409638554
-939	34.8754784313726
-940	34.8752002747253
-941	34.8754904069768
-942	34.8754257553957
-943	34.8755696402878
-944	34.8757072847682
-945	34.875811627907
-946	34.8763193430657
-947	34.8763275362319
-948	34.8765862170088
-949	34.8767
-950	34.8763115702479
-951	34.877027124183
-952	34.8767936619718
-953	34.8767542199489
-954	34.877438071066
-955	34.8775358139535
-956	34.8781203319502
-957	34.8786589211618
-958	34.8788102439024
-959	34.8788645547945
-960	34.8799646153846
-961	34.8807832807571
-962	34.8813915343915
-963	34.8817033613445
-964	34.8821610619469
-965	34.8823114130435
-966	34.8822
-967	34.8823241545894
-968	34.8828307053942
-969	34.8831811111111
-970	34.8829910714286
-971	34.8826716814159
-972	34.8831
-973	34.8831158469945
-974	34.8832974603175
-975	34.8834313846154
-976	34.8834619277108
-977	34.883475
-978	34.8837549815498
-979	34.8833368231047
-980	34.8834012755102
-981	34.8833430730479
-982	34.8834844919786
-983	34.8834810909091
-984	34.8831398773006
-985	34.8836
-986	34.8834840480274
-987	34.8832
-988	34.8832920091324
-989	34.8834145400594
-990	34.8835596153846
-991	34.8836690566038
-992	34.8834168674699
-993	34.8834332129964
-994	34.8836677339901
-995	34.8835813519814
-996	34.883493125
-997	34.8835695187166
-998	34.8839012658228
-999	34.8835958677686
-1000	34.8836752895753
-1001	34.8837140562249
-1002	34.8836215189873
-1003	34.8837
-1004	34.8840753246753
-1005	34.884184063745
-1006	34.883511
-1007	34.883486746988
-1008	34.8834406181015
-1009	34.8838
-1010	34.8835050209205
-1011	34.8834275132275
-1012	34.8833245901639
-1013	34.8839
-1014	34.8839
-1015	34.8841121693122
-1016	34.884
-1017	34.8839686666667
-1018	34.8840227138643
-1019	34.88406
-1020	34.885495
-1021	34.8862188679245
-1022	34.8866938566553
-1023	34.8868737704918
-1024	34.8867328588375
-1025	34.8872816568047
-1026	34.8875824273072
-1027	34.8877642857143
-1028	34.8877307167236
-1029	34.8884539325843
-1030	34.8894010568032
-1031	34.8903958139535
-1032	34.8904214193548
-1033	34.890636101083
-1034	34.89101015625
-1035	34.8911143646409
-1036	34.8909704861111
-1037	34.8909846702317
-1038	34.8908546075085
-1039	34.8912782997763
-1040	34.8914480769231
-1041	34.8913515463918
-1042	34.8914904238619
-1043	34.8917790697674
-1044	34.8921432234432
-1045	34.8922918918919
-1046	34.8923065891473
-1047	34.8927
-1048	34.893
-1049	34.8934112033195
-1050	34.8938621428571
-1051	34.8935347826087
-1052	34.8938884
-1053	34.8937725738397
-1054	34.8938465408805
-1055	34.8938072164949
-1056	34.8939
-1057	34.8938116040956
-1058	34.8938091954023
-1059	34.8938086206897
-1060	34.8938824489796
-1061	34.8939933333333
-1062	34.8940347161572
-1063	34.8941020618557
-1064	34.8945645299145
-1065	34.8947752913753
-1066	34.8953341584158
-1067	34.8954038626609
-1068	34.8957928251121
-1069	34.8960553846154
-1070	34.89645875
-1071	34.8965258181818
-1072	34.8969
-1073	34.8972268817204
-1074	34.89729375
-1075	34.8971
-1076	34.8972333333333
-1077	34.8970720754717
-1078	34.8972217721519
-1079	34.8974524475524
-1080	34.8975007874016
-1081	34.8981660493827
-1082	34.8984528957529
-1083	34.8991376623377
-1084	34.8994186440678
-1085	34.8992790502793
-1086	34.8993775862069
-1087	34.8994
-1088	34.8994953846154
-1089	34.899302617801
-1090	34.899650617284
-1091	34.8993262467192
-1092	34.8997072115385
-1093	34.8998103896104
-1094	34.9008116438356
-1095	34.9010754545455
-1096	34.901537164751
-1097	34.9017296803653
-1098	34.9018386986301
-1099	34.9013434456929
-1100	34.9014323699422

2016/01/31 00:00:00 82 2
0	34.749413
-5	34.74939
-10	34.749901
-15	34.750389
-20	34.75061
-25	34.750713
-30	34.750412
-35	34.750587
-40	34.750587
-45	34.750889
-50	34.751488
-55	34.75161
-60	34.751701
-65	34.7519
-70	34.752899
-75	34.753811
-80	34.755112
-85	34.756699
-90	34.759388
-95	34.761612
-100	34.764389
-125	34.783112
-150	34.797298
-175	34.812698
-200	34.825001
-225	34.833313
-250	34.838211
-275	34.840588
-300	34.843487
-325	34.846088
-350	34.848789
-375	34.849312
-400	34.84959
-425	34.849987
-450	34.850189
-475	34.850613
-500	34.851212
-550	34.852501
-600	34.8531
-650	34.85321
-700	34.85379
-750	34.854313
-800	34.854588
-850	34.855301
-900	34.85601
-950	34.856411
-1000	34.857113
-1050	34.857811
-1100	34.859112
-1150	34.861088
-1200	34.8634
-1250	34.866112
-1300	34.869812
-1350	34.873901
-1400	34.87841
-1450	34.883411
-1500	34.887299
-1550	34.892387
-1600	34.896187
-1650	34.898487
-1700	34.899712
-1750	34.900311
-1800	34.900612
-1850	34.900589
-1900	34.900288
-1950	34.896313
-2000	34.899288
-2100	34.902187
-2200	34.909313
-2300	34.9175
-2400	34.923901
-2500	34.926411
-2600	34.930687
-2700	34.931587
-2800	34.931988
-2900	34.930412
-3000	34.927811
-3100	34.921513
-3200	34.91621
-3300	34.910187
-3400	34.90411
-3500	34.899387

2016/05/20 12:00:00 82 2
0	34.706413
-5	34.704811
-10	34.70929
-15	34.7127
-20	34.715012
-25	34.71981
-30	34.726101
-35	34.73209
-40	34.738201
-45	34.74271
-50	34.745911
-55	34.750111
-60	34.75359
-65	34.757599
-70	34.761612
-75	34.765411
-80	34.76939
-85	34.773102
-90	34.775799
-95	34.77869
-100	34.781189
-125	34.79311
-150	34.803799
-175	34.813789
-200	34.823399
-225	34.82991
-250	34.83289
-275	34.83749
-300	34.840111
-325	34.842098
-350	34.84391
-375	34.845798
-400	34.847111
-425	34.848213
-450	34.848888
-475	34.84959
-500	34.850201
-550	34.851002
-600	34.852402
-650	34.852989
-700	34.852612
-750	34.852901
-800	34.85379
-850	34.854301
-900	34.85461
-950	34.855
-1000	34.85569
-1050	34.856201
-1100	34.857388
-1150	34.859001
-1200	34.86071
-1250	34.862713
-1300	34.865013
-1350	34.868988
-1400	34.873112
-1450	34.877811
-1500	34.883011
-1550	34.8885
-1600	34.892399
-1650	34.895313
-1700	34.897388
-1750	34.89859
-1800	34.89901
-1850	34.899311
-1900	34.899399
-1950	34.897587
-2000	34.896988
-2100	34.898712
-2200	34.900501
-2300	34.904099
-2400	34.905613
-2500	34.908298
-2600	34.91151
-2700	34.91251
-2800	34.912987
-2900	34.912888
-3000	34.910801
-3100	34.905411
-3200	34.900101
-3300	34.893513
-3400	34.886501
-3500	34.8885

2016/07/03 10:33:18 1101 2
0	32.235661538462
-1	32.3895076923077
-2	32.5414512195122
-3	32.6026434210526
-4	32.6861857142857
-5	32.9396629213483
-6	33.3522858974359
-7	33.3143187969925
-8	33.557925
-9	33.6364692307692
-10	33.7665
-11	34.1240882352941
-12	34.1388840336134
-13	34.2012694444444
-14	34.2643034482759
-15	34.2782009009009
-16	34.3289181818182
-17	34.4153657142857
-18	34.430270093458
-19	34.457835483871
-20	34.4577204081633
-21	34.468079661017
-22	34.4747047619048
-23	34.476131372549
-24	34.4857853932584
-25	34.4885435185185
-26	34.4938168141593
-27	34.4968634146342
-28	34.4958
-29	34.4974
-30	34.4994
-31	34.49428
-32	34.4992045454545
-33	34.5011915966387
-34	34.5069139130435
-35	34.5099228571429
-36	34.51433
-37	34.5124830645161
-38	34.5202696202532
-39	34.5281518072289
-40	34.5278724137931
-41	34.5288421052632
-42	34.5399305555556
-43	34.543812987013
-44	34.54616
-45	34.5475855932203
-46	34.5492195652174
-47	34.5500708333333
-48	34.5489059701493
-49	34.5536
-50	34.5540030769231
-51	34.5554571428571
-52	34.5558030075188
-53	34.5521025316456
-54	34.5589952095808
-55	34.5592695035461
-56	34.5619
-57	34.567464516129
-58	34.5694473684211
-59	34.5710312101911
-60	34.5713
-61	34.5710888111888
-62	34.5725023255814
-63	34.5736428571429
-64	34.5769641666667
-65	34.5776947368421
-66	34.5778111111111
-67	34.5794071428571
-68	34.5795830769231
-69	34.5806511450382
-70	34.5819554347826
-71	34.5848505376344
-72	34.5910294478528
-73	34.5948923076923
-74	34.5947
-75	34.6085685
-76	34.6084242677824
-77	34.6083456066946
-78	34.6090960199005
-79	34.6075076335878
-80	34.6084096774194
-81	34.6200984732824
-82	34.628292
-83	34.6320887700535
-84	34.6333807017544
-85	34.6330291044776
-86	34.6353333333333
-87	34.6336636363636
-88	34.63533203125
-89	34.6357455882353
-90	34.6356
-91	34.63542
-92	34.6356
-93	34.635762962963
-94	34.6361
-95	34.6360756410256
-96	34.6361528497409
-97	34.6363043956044
-98	34.6362
-99	34.6354622641509
-100	34.6358
-101	34.6360312849162
-102	34.6361405714286
-103	34.6360544303797
-104	34.6359511627907
-105	34.6354514285714
-106	34.6343300884956
-107	34.6358311377246
-108	34.6397983425414
-109	34.6402396341463
-110	34.640718852459
-111	34.6404586666667
-112	34.6406323529412
-113	34.6437551020408
-114	34.6536
-115	34.656564084507
-116	34.6587602836879
-117	34.6639752293578
-118	34.6652841269841
-119	34.66630625
-120	34.6714842105263
-121	34.6728631578947
-122	34.6748348214286
-123	34.6768
-124	34.6787660550459
-125	34.6878365517241
-126	34.6974695906433
-127	34.704375
-128	34.7077402597403
-129	34.712537037037
-130	34.714879
-131	34.7165855769231
-132	34.7188
-133	34.72
-134	34.7221186206897
-135	34.7224899328859
-136	34.7228912621359
-137	34.730984
-138	34.7383902654867
-139	34.7429804511278
-140	34.7449
-141	34.7461313043478
-142	34.7488728971963
-143	34.7496929824561
-144	34.7513036363636
-145	34.7520422222222
-146	34.7522671052632
-147	34.754
-148	34.7545932330827
-149	34.7563028985507
-150	34.758412
-151	34.7588692307692
-152	34.7587
-153	34.759196
-154	34.7596211267606
-155	34.7601
-156	34.7611386904762
-157	34.7623671641791
-158	34.7637674157303
-159	34.7637160493827
-160	34.7638901408451
-161	34.7643
-162	34.764280952381
-163	34.7645989528796
-164	34.7648474489796
-165	34.765280952381
-166	34.770506122449
-167	34.7727491525424
-168	34.772885840708
-169	34.7752
-170	34.7758
-171	34.7758544117647
-172	34.7759775700935
-173	34.7759642201835
-174	34.7765
-175	34.7764192307692
-176	34.7765285714286
-177	34.7780711111111
-178	34.7787748768473
-179	34.7828561403509
-180	34.784329245283
-181	34.786
-182	34.7870493827161
-183	34.7880107692308
-184	34.7886730769231
-185	34.7900114285714
-186	34.7922739130435
-187	34.793089958159
-188	34.7949553846154
-189	34.7961304166667
-190	34.797383902439
-191	34.7978879518072
-192	34.8018084745763
-193	34.8041495145631
-194	34.8061156682028
-195	34.8063654255319
-196	34.8069
-197	34.8073
-198	34.8073056818182
-199	34.8086944444445
-200	34.8082
-201	34.8082572727273
-202	34.8098
-203	34.8097789473684
-204	34.8108
-205	34.8118
-206	34.811136
-207	34.8120226890756
-208	34.813424
-209	34.8148257352941
-210	34.8148805825243
-211	34.8139529411765
-212	34.8162221052632
-213	34.8209832
-214	34.8207594405594
-215	34.8222771428571
-216	34.8216340740741
-217	34.8218816513761
-218	34.8219
-219	34.8227633802817
-220	34.8238540983607
-221	34.8273835443038
-222	34.8294
-223	34.8298126666667
-224	34.8307
-225	34.8312
-226	34.8313219512195
-227	34.8331327102804
-228	34.8344877906977
-229	34.8366655
-230	34.8377981481481
-231	34.8400444444445
-232	34.841905027933
-233	34.8432848101266
-234	34.8439695652174
-235	34.84504
-236	34.8454823770492
-237	34.84493828125
-238	34.844908
-239	34.846076635514
-240	34.8454222222222
-241	34.8454030534351
-242	34.8465196078431
-243	34.8468828402367
-244	34.8471533123028
-245	34.8473980487805
-246	34.84684921875
-247	34.8479642045455
-248	34.8487
-249	34.8489712230216
-250	34.8495
-251	34.8493901960784
-252	34.8494
-253	34.8474488636364
-254	34.8494825136612
-255	34.8498376811594
-256	34.8497697674419
-257	34.8495350515464
-258	34.8495
-259	34.849155483871
-260	34.8497234482759
-261	34.8499722627737
-262	34.8489860869565
-263	34.8481869047619
-264	34.8483
-265	34.8463176470588
-266	34.8478132275132
-267	34.8479832460733
-268	34.8466074712644
-269	34.8466585714286
-270	34.8464368421053
-271	34.8434
-272	34.8384565789474
-273	34.8329808139535
-274	34.8303483870968
-275	34.82974
-276	34.8294868852459
-277	34.8307449612403
-278	34.8336603448276
-279	34.8337523255814
-280	34.8331
-281	34.8329571428571
-282	34.8351523809524
-283	34.8365806282723
-284	34.8363938679245
-285	34.8366368421053
-286	34.8379779816514
-287	34.84
-288	34.8414341040462
-289	34.8421059139785
-290	34.8421457831325
-291	34.8422252336449
-292	34.8420551724138
-293	34.8429166666667
-294	34.844
-295	34.8445777777778
-296	34.8449041666667
-297	34.8451
-298	34.8458360655738
-299	34.8472637795276
-300	34.8475
-301	34.8470425
-302	34.8492
-303	34.8521207920792
-304	34.8507044444445
-305	34.8513676470588
-306	34.8509162162162
-307	34.8512528
-308	34.851413986014
-309	34.8512551724138
-310	34.852236
-311	34.8528609195402
-312	34.8524071428571
-313	34.8523
-314	34.8520822368421
-315	34.8518939130435
-316	34.8532082191781
-317	34.8544490909091
-318	34.8547
-319	34.8546537313433
-320	34.8552282352941
-321	34.8553503311258
-322	34.85546
-323	34.8556770731707
-324	34.8563172413793
-325	34.8566755555556
-326	34.85608125
-327	34.8560132231405
-328	34.8568730538922
-329	34.856836
-330	34.8571153846154
-331	34.8566630434783
-332	34.8562567164179
-333	34.8603672413793
-334	34.86007265625
-335	34.8582989847716
-336	34.8594285714286
-337	34.8591072463768
-338	34.8612463576159
-339	34.8609904109589
-340	34.8611792899408
-341	34.8614405405405
-342	34.862
-343	34.862002991453
-344	34.8625980582524
-345	34.8625894736842
-346	34.8626945701357
-347	34.8625
-348	34.8631069868996
-349	34.8638738095238
-350	34.8635272727273
-351	34.8639316546763
-352	34.8638094972067
-353	34.8660126436782
-354	34.86715
-355	34.8667023255814
-356	34.8654738853503
-357	34.8687
-358	34.8687
-359	34.8685859903382
-360	34.8686952941176
-361	34.8690912280702
-362	34.8691007042254
-363	34.8685823834197
-364	34.8694673170732
-365	34.8697884615385
-366	34.8697605504587
-367	34.8698
-368	34.8698230769231
-369	34.8704530864198
-370	34.8703854014599
-371	34.8704551724138
-372	34.871
-373	34.871076
-374	34.8710494047619
-375	34.8712275167785
-376	34.8714925373134
-377	34.8714765306122
-378	34.8710534591195
-379	34.8711
-380	34.8709822857143
-381	34.8706565789474
-382	34.8712868421053
-383	34.8710696629213
-384	34.871
-385	34.8708467032967
-386	34.87055
-387	34.8707073825503
-388	34.870729
-389	34.8709583333333
-390	34.8719408163265
-391	34.8720389312977
-392	34.8708655367232
-393	34.8706826086957
-394	34.8704828729282
-395	34.870626618705
-396	34.8704619565217
-397	34.8707069767442
-398	34.8708095238095
-399	34.8710117647059
-400	34.8713906862745
-401	34.8710931677019
-402	34.8712
-403	34.871406
-404	34.8717
-405	34.8714251655629
-406	34.8715962732919
-407	34.8716085526316
-408	34.8716842857143
-409	34.871
-410	34.870799009901
-411	34.8706780487805
-412	34.8708801020408
-413	34.8707161137441
-414	34.8709
-415	34.8702234567901
-416	34.8703194444445
-417	34.8709748571429
-418	34.8709888349515
-419	34.8707739130435
-420	34.871
-421	34.871058974359
-422	34.8708273109244
-423	34.8713
-424	34.8711180851064
-425	34.8708
-426	34.8706
-427	34.8702256544503
-428	34.8699
-429	34.8697348484849
-430	34.8711266393443
-431	34.8711343434343
-432	34.8711494845361
-433	34.8721081081081
-434	34.872092920354
-435	34.8726
-436	34.8722234848485
-437	34.872422556391
-438	34.8728328244275
-439	34.8741731343284
-440	34.8741597014925
-441	34.8743583333333
-442	34.8751831168831
-443	34.8747061111111
-444	34.8742575342466
-445	34.8747
-446	34.8751219827586
-447	34.8748988950276
-448	34.8741346153846
-449	34.8746372093023
-450	34.8752149606299
-451	34.8753095890411
-452	34.8757
-453	34.8749304347826
-454	34.8758517241379
-455	34.875027826087
-456	34.8748780821918
-457	34.87504
-458	34.8750245901639
-459	34.8753
-460	34.8747680473373
-461	34.8745988235294
-462	34.8742127659574
-463	34.8739048543689
-464	34.8738
-465	34.8743849056604
-466	34.8737
-467	34.8737
-468	34.8735927419355
-469	34.8738
-470	34.8739
-471	34.8741
-472	34.8739661538462
-473	34.8739338461539
-474	34.8738353846154
-475	34.874178125
-476	34.8740198347107
-477	34.8740583333333
-478	34.8741
-479	34.8743973451327
-480	34.8736774193548
-481	34.8740425742574
-482	34.8737709090909
-483	34.8738455882353
-484	34.873785840708
-485	34.8736
-486	34.8735062176166
-487	34.8738142857143
-488	34.8737051546392
-489	34.8736151624549
-490	34.8739308641975
-491	34.8737761111111
-492	34.8733694736842
-493	34.8735149425287
-494	34.8738330316742
-495	34.8736545851528
-496	34.8735428571429
-497	34.8733014184397
-498	34.8733174757282
-499	34.8733541666667
-500	34.8731296969697
-501	34.8735666666667
-502	34.8732
-503	34.873
-504	34.8732
-505	34.8729505050505
-506	34.8733095238095
-507	34.8732699421965
-508	34.8732
-509	34.8732
-510	34.8732972222222
-511	34.87305
-512	34.8731379562044
-513	34.8731975460123
-514	34.873347133758
-515	34.8734734513274
-516	34.8736967741936
-517	34.8734
-518	34.8736226890756
-519	34.874793006993
-520	34.8746639053254
-521	34.8748137931035
-522	34.8750962616822
-523	34.875
-524	34.8751458333333
-525	34.8754611374408
-526	34.8753045643154
-527	34.8755268398268
-528	34.8757896551724
-529	34.8755289855072
-530	34.875585106383
-531	34.8753861111111
-532	34.8753546255507
-533	34.875304587156
-534	34.8753909090909
-535	34.8755057142857
-536	34.8755527272727
-537	34.8759469387755
-538	34.8761
-539	34.8759053571429
-540	34.8751376470588
-541	34.8756571428571
-542	34.8752304347826
-543	34.8751381578947
-544	34.8752
-545	34.8751672413793
-546	34.8755706214689
-547	34.8756
-548	34.8759574257426
-549	34.8757949579832
-550	34.8756674603175
-551	34.8756061403509
-552	34.875366
-553	34.8751509803922
-554	34.8754
-555	34.8756
-556	34.875368722467
-557	34.8754
-558	34.8754901360544
-559	34.8757845849802
-560	34.8764090909091
-561	34.876404
-562	34.8764
-563	34.876641025641
-564	34.8767
-565	34.876904137931
-566	34.8770210526316
-567	34.8768964071856
-568	34.8766029411765
-569	34.8773771428571
-570	34.8776890625
-571	34.877996969697
-572	34.8791290780142
-573	34.8792466666667
-574	34.8792229946524
-575	34.8792688172043
-576	34.8792
-577	34.8789
-578	34.8789924242424
-579	34.8790134615385
-580	34.8790153846154
-581	34.8789
-582	34.879
-583	34.8791181818182
-584	34.8790304761905
-585	34.8785716417911
-586	34.8785
-587	34.8786256756757
-588	34.8786233766234
-589	34.8787118881119
-590	34.8788376470588
-591	34.8786
-592	34.8785006849315
-593	34.8787
-594	34.8787
-595	34.8777552795031
-596	34.87870875
-597	34.8783673469388
-598	34.8784693181818
-599	34.8786662650603
-600	34.8784650485437
-601	34.877872173913
-602	34.8782380952381
-603	34.8779
-604	34.878
-605	34.8782093457944
-606	34.8779158415842
-607	34.878285
-608	34.8784
-609	34.8781298701299
-610	34.8781
-611	34.8777566371681
-612	34.8777935483871
-613	34.8778385245902
-614	34.8777467889908
-615	34.8779906666667
-616	34.8778787234043
-617	34.8775415384615
-618	34.8776142857143
-619	34.8777276190476
-620	34.8777
-621	34.8776853932584
-622	34.877898989899
-623	34.8776584615385
-624	34.8779909774436
-625	34.8779
-626	34.8778745098039
-627	34.8775803278689
-628	34.8778901639344
-629	34.8779
-630	34.8778134078212
-631	34.8781
-632	34.8778
-633	34.8779345588235
-634	34.8779486238532
-635	34.87775
-636	34.8778862068966
-637	34.8778742857143
-638	34.8779326666667
-639	34.8780053658537
-640	34.8777258373206
-641	34.8779
-642	34.8778
-643	34.8778169230769
-644	34.8778377358491
-645	34.8778
-646	34.877734375
-647	34.8777947058824
-648	34.8777552511416
-649	34.8778
-650	34.8777186666667
-651	34.8779
-652	34.8778260273973
-653	34.877737037037
-654	34.8778
-655	34.8778086124402
-656	34.8775344497608
-657	34.8778
-658	34.8777811320755
-659	34.8778747368421
-660	34.8777058441558
-661	34.8775632124352
-662	34.8778
-663	34.8780042553192
-664	34.8777874015748
-665	34.8779488888889
-666	34.8778011904762
-667	34.8777358333333
-668	34.8778031496063
-669	34.8775142857143
-670	34.8777
-671	34.8778433333333
-672	34.8776714285714
-673	34.8774022222222
-674	34.8772455782313
-675	34.8774777777778
-676	34.8773826666667
-677	34.8774125
-678	34.8771428571429
-679	34.87732421875
-680	34.8774562913907
-681	34.877
-682	34.8772
-683	34.8769452380952
-684	34.8773214285714
-685	34.8769526717557
-686	34.8772661971831
-687	34.8772794117647
-688	34.8774
-689	34.8773928571429
-690	34.8771834532374
-691	34.8772261904762
-692	34.8774
-693	34.8768918367347
-694	34.8771806451613
-695	34.8772
-696	34.8771880503145
-697	34.8772
-698	34.8771422110553
-699	34.8772108108108
-700	34.8769153846154
-701	34.8768870967742
-702	34.8771
-703	34.8772411167513
-704	34.8770016949153
-705	34.8769053061224
-706	34.8771156398104
-707	34.8772917241379
-708	34.8770894230769
-709	34.8771542253521
-710	34.8770391566265
-711	34.8771271084337
-712	34.8769855421687
-713	34.8770813953488
-714	34.8767
-715	34.8769
-716	34.8766034482759
-717	34.8769895652174
-718	34.8767
-719	34.876556043956
-720	34.8765505494506
-721	34.8764845303867
-722	34.876604494382
-723	34.8764114285714
-724	34.8768132352941
-725	34.8765465517242
-726	34.87652
-727	34.8765229946524
-728	34.876675
-729	34.8762615384615
-730	34.8763086206897
-731	34.8764
-732	34.8764373493976
-733	34.8760913043478
-734	34.8761647798742
-735	34.8760867768595
-736	34.875952631579
-737	34.8760317829457
-738	34.876008045977
-739	34.8762948717949
-740	34.8761692307692
-741	34.8763123595506
-742	34.8760132075472
-743	34.8759
-744	34.8762
-745	34.876
-746	34.8762921568627
-747	34.8762802139037
-748	34.876
-749	34.8760668316832
-750	34.876
-751	34.8759289473684
-752	34.87593125
-753	34.8761377622378
-754	34.8761
-755	34.8761
-756	34.8760695238095
-757	34.8762
-758	34.8757991869919
-759	34.8759712121212
-760	34.8758445255474
-761	34.8761868421053
-762	34.8757136563877
-763	34.8759886462882
-764	34.8756367875648
-765	34.8757232142857
-766	34.8758
-767	34.875606122449
-768	34.8757
-769	34.8758826923077
-770	34.8759
-771	34.8757714285714
-772	34.87566
-773	34.87569
-774	34.8756181818182
-775	34.8754351851852
-776	34.8757224137931
-777	34.8759113402062
-778	34.8759
-779	34.8759888111888
-780	34.8757117647059
-781	34.8755245283019
-782	34.8757
-783	34.8759
-784	34.8758
-785	34.8759
-786	34.8756275862069
-787	34.8755175824176
-788	34.8757
-789	34.8754333333333
-790	34.8752
-791	34.8757904411765
-792	34.8755
-793	34.8757889570552
-794	34.8756120879121
-795	34.8759974683544
-796	34.8757424242424
-797	34.8753
-798	34.8756518248175
-799	34.8758475247525
-800	34.8754894736842
-801	34.8750642105263
-802	34.875042
-803	34.8752
-804	34.8749584337349
-805	34.875166
-806	34.8749396135266
-807	34.8748913043478
-808	34.875
-809	34.8750504201681
-810	34.8749454545455
-811	34.8752589552239
-812	34.8750639344262
-813	34.8753683098592
-814	34.8749185185185
-815	34.8751375
-816	34.8749472972973
-817	34.8751610169492
-818	34.8751
-819	34.8753
-820	34.8751470588235
-821	34.8751741935484
-822	34.8751452991453
-823	34.8751975308642
-824	34.8752619047619
-825	34.8752958333333
-826	34.8752
-827	34.8753609756098
-828	34.8753
-829	34.8753559006211
-830	34.8752239316239
-831	34.8751
-832	34.8753820224719
-833	34.8753
-834	34.8751645833333
-835	34.875092920354
-836	34.8752438271605
-837	34.8751333333333
-838	34.875103125
-839	34.8751114754098
-840	34.8751074626866
-841	34.8753625
-842	34.8755209944751
-843	34.8752511904762
-844	34.8754905263158
-845	34.8751263157895
-846	34.8753011764706
-847	34.8754128
-848	34.8753
-849	34.8754
-850	34.8753330434783
-851	34.87532125
-852	34.8753984848485
-853	34.8753945205479
-854	34.8753313868613
-855	34.8755911764706
-856	34.8759104166667
-857	34.87545
-858	34.876
-859	34.8759
-860	34.8759632183908
-861	34.8763537974684
-862	34.8761130952381
-863	34.8765
-864	34.8757253623188
-865	34.8759
-866	34.8755233183857
-867	34.8758428571429
-868	34.8755163934426
-869	34.8753
-870	34.87523875
-871	34.8754035242291
-872	34.8752142180095
-873	34.8752
-874	34.875132038835
-875	34.8750394736842
-876	34.8753086206897
-877	34.8754278911565
-878	34.8755783333333
-879	34.8753
-880	34.875366
-881	34.8751
-882	34.87502
-883	34.8750821052632
-884	34.8754
-885	34.8754640776699
-886	34.8750617283951
-887	34.8749857142857
-888	34.8748
-889	34.875
-890	34.8747356435644
-891	34.8749127906977
-892	34.8748962264151
-893	34.8747685950413
-894	34.8751824324324
-895	34.8751
-896	34.8749847133758
-897	34.8750790697674
-898	34.8753206521739
-899	34.8762048780488
-900	34.8764658823529
-901	34.8765
-902	34.8763550387597
-903	34.8761032258064
-904	34.875750877193
-905	34.876632173913
-906	34.8766553398058
-907	34.8766524390244
-908	34.8768153846154
-909	34.8766632075472
-910	34.8767
-911	34.8767928571429
-912	34.8769517241379
-913	34.8768553571429
-914	34.8766101694915
-915	34.876693258427
-916	34.8768648648649
-917	34.8766558139535
-918	34.8768
-919	34.8768868852459
-920	34.876944
-921	34.8770657407407
-922	34.8771016393443
-923	34.8769813186813
-924	34.8772349593496
-925	34.87698
-926	34.8769849557522
-927	34.8770684210526
-928	34.8770176470588
-929	34.876840952381
-930	34.8770256637168
-931	34.877
-932	34.877
-933	34.8772042253521
-934	34.8770733333333
-935	34.8771165517241
-936	34.877168707483
-937	34.8771566929134
-938	34.8773306122449
-939	34.877794949495
-940	34.8787
-941	34.87872
-942	34.8785195488722
-943	34.8787074074074
-944	34.8790450704225
-945	34.8788111111111
-946	34.8789111111111
-947	34.8787613496933
-948	34.879
-949	34.8786384615385
-950	34.8791030534351
-951	34.8789
-952	34.8791793103448
-953	34.8794
-954	34.8796553763441
-955	34.8793917159763
-956	34.8792940298508
-957	34.8791930434783
-958	34.88016
-959	34.8801
-960	34.8801704918033
-961	34.8800180451128
-962	34.8798642857143
-963	34.8801844444444
-964	34.8802694915254
-965	34.8802
-966	34.880468125
-967	34.8806783625731
-968	34.8814068027211
-969	34.8813047058824
-970	34.8814890909091
-971	34.8811824175824
-972	34.8811886363636
-973	34.8815
-974	34.8814525
-975	34.881885915493
-976	34.8817362831858
-977	34.8816
-978	34.8811132743363
-979	34.8813597222222
-980	34.8821
-981	34.8821950819672
-982	34.8821744680851
-983	34.8822981481482
-984	34.8822682539683
-985	34.8824158536585
-986	34.8821567567568
-987	34.8822197080292
-988	34.8826277456647
-989	34.8823243902439
-990	34.8823596638655
-991	34.8820063291139
-992	34.882472
-993	34.8826540880503
-994	34.8828104477612
-995	34.8819253012048
-996	34.8819
-997	34.8820615384615
-998	34.8821065217391
-999	34.8821097560976
-1000	34.8821424242424
-1001	34.8832723404255
-1002	34.8834791666667
-1003	34.8837333333333
-1004	34.8844033613445
-1005	34.8850606060606
-1006	34.8852518181818
-1007	34.8853
-1008	34.8854712328767
-1009	34.8856
-1010	34.88532
-1011	34.8856598290598
-1012	34.8856796407186
-1013	34.8854
-1014	34.8857
-1015	34.8858807407407
-1016	34.8857219178082
-1017	34.8862885714286
-1018	34.8863445121951
-1019	34.8864
-1020	34.8864478873239
-1021	34.8862951219512
-1022	34.8862643835616
-1023	34.8862
-1024	34.8862
-1025	34.8863075630252
-1026	34.8866538461539
-1027	34.8865699029126
-1028	34.8867
-1029	34.8867879310345
-1030	34.8873768595041
-1031	34.8874326086957
-1032	34.8876396226415
-1033	34.8876739583333
-1034	34.8879
-1035	34.8879349693252
-1036	34.8880467532468
-1037	34.8882
-1038	34.88799
-1039	34.8881
-1040	34.8882886956522
-1041	34.8883022988506
-1042	34.8883770833333
-1043	34.8882080645161
-1044	34.8882914285714
-1045	34.8884
-1046	34.8882658536585
-1047	34.8882125
-1048	34.8881805970149
-1049	34.888367032967
-1050	34.8883125
-1051	34.8882
-1052	34.8884069767442
-1053	34.8887
-1054	34.8885
-1055	34.8885347368421
-1056	34.8883015151515
-1057	34.8888
-1058	34.8886436619718
-1059	34.8889582278481
-1060	34.8889658682635
-1061	34.8890961538462
-1062	34.8887
-1063	34.8889892473118
-1064	34.8891360824742
-1065	34.8890795918367
-1066	34.8898
-1067	34.8898
-1068	34.8901
-1069	34.8898893203884
-1070	34.8903985294118
-1071	34.8904022988506
-1072	34.8904075
-1073	34.8906
-1074	34.8904
-1075	34.8904663043478
-1076	34.8906240740741
-1077	34.8904
-1078	34.8906525547445
-1079	34.8908537313433
-1080	34.8908336283186
-1081	34.8909322115385
-1082	34.8913715231788
-1083	34.8912196428571
-1084	34.8915638888889
-1085	34.891859798995
-1086	34.8916
-1087	34.89162125
-1088	34.8917
-1089	34.8915931034483
-1090	34.8917281481482
-1091	34.8916151515152
-1092	34.892
-1093	34.8918
-1094	34.8922707142857
-1095	34.8921782608696
-1096	34.8920049504951
-1097	34.892101369863
-1098	34.892403125
-1099	34.8923630136986
-1100	34.8931610169492

2016/08/31 00:00:00 82 2
0	34.361
-5	34.365513
-10	34.3857
-15	34.401688
-20	34.424198
-25	34.459988
-30	34.505112
-35	34.551888
-40	34.597088
-45	34.636711
-50	34.667812
-55	34.69191
-60	34.711887
-65	34.7267
-70	34.74139
-75	34.754311
-80	34.764488
-85	34.774387
-90	34.781288
-95	34.78759
-100	34.79369
-125	34.816799
-150	34.829201
-175	34.837612
-200	34.842888
-225	34.847389
-250	34.848412
-275	34.85091
-300	34.853001
-325	34.85379
-350	34.853687
-375	34.8535
-400	34.853111
-425	34.852798
-450	34.8526
-475	34.852688
-500	34.852688
-550	34.852112
-600	34.8526
-650	34.852612
-700	34.852299
-750	34.85281
-800	34.852787
-850	34.853088
-900	34.853687
-950	34.85421
-1000	34.854912
-1050	34.85601
-1100	34.85709
-1150	34.858299
-1200	34.859501
-1250	34.861813
-1300	34.865013
-1350	34.86879
-1400	34.872311
-1450	34.876713
-1500	34.881588
-1550	34.885601
-1600	34.8899
-1650	34.89349
-1700	34.89669
-1750	34.898811
-1800	34.900299
-1850	34.901199
-1900	34.901588
-1950	34.901611
-2000	34.900112
-2100	34.89249
-2200	34.89949
-2300	34.905899
-2400	34.911587
-2500	34.914913
-2600	34.91581
-2700	34.916912
-2800	34.917789
-2900	34.916389
-3000	34.91201
-3100	34.906502
-3200	34.900089
-3300	34.893612
-3400	34.887688
-3500	34.886013

2016/11/10 12:00:00 82 2
0	34.4963
-5	34.497089
-10	34.520088
-15	34.519989
-20	34.52319
-25	34.524399
-30	34.52631
-35	34.530712
-40	34.53529
-45	34.545399
-50	34.556099
-55	34.578888
-60	34.599987
-65	34.61969
-70	34.639187
-75	34.659687
-80	34.680988
-85	34.696487
-90	34.713699
-95	34.732899
-100	34.746498
-125	34.798302
-150	34.822311
-175	34.8386
-200	34.85041
-225	34.855011
-250	34.857101
-275	34.858688
-300	34.859711
-325	34.860588
-350	34.860199
-375	34.859612
-400	34.859699
-425	34.860111
-450	34.860088
-475	34.859901
-500	34.859989
-550	34.859299
-600	34.858513
-650	34.857887
-700	34.857788
-750	34.857811
-800	34.858013
-850	34.858212
-900	34.858501
-950	34.85899
-1000	34.85989
-1050	34.860489
-1100	34.8615
-1150	34.86301
-1200	34.866112
-1250	34.869312
-1300	34.87331
-1350	34.877487
-1400	34.882313
-1450	34.887402
-1500	34.891987
-1550	34.89669
-1600	34.899689
-1650	34.90189
-1700	34.90329
-1750	34.903988
-1800	34.9044
-1850	34.904488
-1900	34.904411
-1950	34.904011
-2000	34.893112
-2100	34.900913
-2200	34.902912
-2300	34.904713
-2400	34.902588
-2500	34.905212
-2600	34.909199
-2700	34.90799
-2800	34.918312
-2900	34.91721
-3000	34.910011
-3100	34.90049
-3200	34.894989
-3300	34.886299
-3400	34.88229
-3500	34.891613

2017/01/31 00:00:00 82 2
0	34.749413
-5	34.74939
-10	34.749901
-15	34.750389
-20	34.75061
-25	34.750713
-30	34.750412
-35	34.750587
-40	34.750587
-45	34.750889
-50	34.751488
-55	34.75161
-60	34.751701
-65	34.7519
-70	34.752899
-75	34.753811
-80	34.755112
-85	34.756699
-90	34.759388
-95	34.761612
-100	34.764389
-125	34.783112
-150	34.797298
-175	34.812698
-200	34.825001
-225	34.833313
-250	34.838211
-275	34.840588
-300	34.843487
-325	34.846088
-350	34.848789
-375	34.849312
-400	34.84959
-425	34.849987
-450	34.850189
-475	34.850613
-500	34.851212
-550	34.852501
-600	34.8531
-650	34.85321
-700	34.85379
-750	34.854313
-800	34.854588
-850	34.855301
-900	34.85601
-950	34.856411
-1000	34.857113
-1050	34.857811
-1100	34.859112
-1150	34.861088
-1200	34.8634
-1250	34.866112
-1300	34.869812
-1350	34.873901
-1400	34.87841
-1450	34.883411
-1500	34.887299
-1550	34.892387
-1600	34.896187
-1650	34.898487
-1700	34.899712
-1750	34.900311
-1800	34.900612
-1850	34.900589
-1900	34.900288
-1950	34.896313
-2000	34.899288
-2100	34.902187
-2200	34.909313
-2300	34.9175
-2400	34.923901
-2500	34.926411
-2600	34.930687
-2700	34.931587
-2800	34.931988
-2900	34.930412
-3000	34.927811
-3100	34.921513
-3200	34.91621
-3300	34.910187
-3400	34.90411
-3500	34.899387

2017/05/30 12:00:00 82 2
0	34.706413
-5	34.704811
-10	34.70929
-15	34.7127
-20	34.715012
-25	34.71981
-30	34.726101
-35	34.73209
-40	34.738201
-45	34.74271
-50	34.745911
-55	34.750111
-60	34.75359
-65	34.757599
-70	34.761612
-75	34.765411
-80	34.76939
-85	34.773102
-90	34.775799
-95	34.77869
-100	34.781189
-125	34.79311
-150	34.803799
-175	34.813789
-200	34.823399
-225	34.82991
-250	34.83289
-275	34.83749
-300	34.840111
-325	34.842098
-350	34.84391
-375	34.845798
-400	34.847111
-425	34.848213
-450	34.848888
-475	34.84959
-500	34.850201
-550	34.851002
-600	34.852402
-650	34.852989
-700	34.852612
-750	34.852901
-800	34.85379
-850	34.854301
-900	34.85461
-950	34.855
-1000	34.85569
-1050	34.856201
-1100	34.857388
-1150	34.859001
-1200	34.86071
-1250	34.862713
-1300	34.865013
-1350	34.868988
-1400	34.873112
-1450	34.877811
-1500	34.883011
-1550	34.8885
-1600	34.892399
-1650	34.895313
-1700	34.897388
-1750	34.89859
-1800	34.89901
-1850	34.899311
-1900	34.899399
-1950	34.897587
-2000	34.896988
-2100	34.898712
-2200	34.900501
-2300	34.904099
-2400	34.905613
-2500	34.908298
-2600	34.91151
-2700	34.91251
-2800	34.912987
-2900	34.912888
-3000	34.910801
-3100	34.905411
-3200	34.900101
-3300	34.893513
-3400	34.886501
-3500	34.8885

2017/07/03 01:45:18 1101 2
0	33.9826652173906
-1	33.9870130434774
-2	33.9913608695651
-3	33.995708695652
-4	34.0000565217388
-5	34.004404347826
-6	34.0044264705882
-7	34.0042375
-8	34.00545
-9	34.0032473684211
-10	34.001162962963
-11	34.0002459016393
-12	34.0003776699029
-13	34.0001343283582
-14	34.0004569230769
-15	34.0
-16	33.9997
-17	33.9998
-18	34.0084594827586
-19	34.0050319444445
-20	34.0075242038217
-21	34.019795890411
-22	34.01986875
-23	34.0264
-24	34.0309093457944
-25	34.0505782608696
-26	34.0658821917808
-27	34.1202578512397
-28	34.1328179487179
-29	34.1614
-30	34.1765729323308
-31	34.1972386666667
-32	34.1943316546763
-33	34.1795245283019
-34	34.1628
-35	34.1660357894737
-36	34.1918658730159
-37	34.2172343283582
-38	34.2740540540541
-39	34.2893282051282
-40	34.3009098901099
-41	34.3110115384615
-42	34.3163795620438
-43	34.332681147541
-44	34.3366979381443
-45	34.3407194174757
-46	34.3455482758621
-47	34.3508105263158
-48	34.35232
-49	34.3568611650486
-50	34.3584
-51	34.3675636363636
-52	34.3733913385827
-53	34.3709377358491
-54	34.3766676767677
-55	34.377360952381
-56	34.3814509433962
-57	34.384652991453
-58	34.391888372093
-59	34.3948388888889
-60	34.4018633333333
-61	34.4090595238095
-62	34.4147832
-63	34.4207225352113
-64	34.4243234042553
-65	34.4254830357143
-66	34.4275409090909
-67	34.4313678571429
-68	34.4402847328244
-69	34.4499615384615
-70	34.4501896551724
-71	34.4510862385321
-72	34.4530782178218
-73	34.4532775280899
-74	34.4592666666667
-75	34.460796350365
-76	34.4690380952381
-77	34.47840859375
-78	34.4955202247191
-79	34.499131372549
-80	34.5203089552239
-81	34.5319676258993
-82	34.542912605042
-83	34.5480306666667
-84	34.5597290322581
-85	34.5699830882353
-86	34.5816965986395
-87	34.5997777777778
-88	34.6188256410256
-89	34.6263703296703
-90	34.6308428571429
-91	34.6307
-92	34.6425246153846
-93	34.6463753846154
-94	34.646725210084
-95	34.6521438095238
-96	34.6717257425743
-97	34.679823853211
-98	34.6820127272727
-99	34.6848166666667
-100	34.6873713114754
-101	34.69164
-102	34.7003423076923
-103	34.7074649484536
-104	34.7147630630631
-105	34.7198857142857
-106	34.7199394957983
-107	34.7196269565217
-108	34.7354418181818
-109	34.7427391752577
-110	34.7392927710843
-111	34.7435232142857
-112	34.7429410958904
-113	34.7432860927152
-114	34.7436204918033
-115	34.7448493506493
-116	34.7443708333333
-117	34.745136
-118	34.7451763975155
-119	34.7476437956204
-120	34.7481271428571
-121	34.7520333333333
-122	34.7522392638037
-123	34.7523497354497
-124	34.7537655172414
-125	34.7619271028037
-126	34.7676757142857
-127	34.7733801324503
-128	34.7725670103093
-129	34.7682597765363
-130	34.7635985185185
-131	34.7611866666667
-132	34.7580292307692
-133	34.7578657303371
-134	34.7524086956522
-135	34.7475550295858
-136	34.7539895833333
-137	34.7553044776119
-138	34.7666092857143
-139	34.7681884393064
-140	34.7736482758621
-141	34.772873381295
-142	34.7738333333333
-143	34.7742553719008
-144	34.7785894736842
-145	34.7781141242938
-146	34.777491025641
-147	34.7774
-148	34.7773
-149	34.7808983870968
-150	34.783612
-151	34.7836138888889
-152	34.7846518518519
-153	34.78764
-154	34.789762
-155	34.7907920792079
-156	34.7963704347826
-157	34.7963708333333
-158	34.7978
-159	34.7997375838926
-160	34.8013053191489
-161	34.8025423076923
-162	34.8048235294118
-163	34.804835483871
-164	34.8054755725191
-165	34.8059511811024
-166	34.8068346938776
-167	34.8077
-168	34.8074
-169	34.8077469798658
-170	34.8085358208955
-171	34.8085547619048
-172	34.8100144329897
-173	34.8134641221374
-174	34.8158370629371
-175	34.8159603174603
-176	34.8164
-177	34.8159681318681
-178	34.8161
-179	34.816333557047
-180	34.8168920634921
-181	34.8179148648649
-182	34.8176260869565
-183	34.8113333333333
-184	34.8073265734266
-185	34.8053866666667
-186	34.8042592592593
-187	34.8039679611651
-188	34.8139655172414
-189	34.8260905511811
-190	34.8309967479675
-191	34.8315288461538
-192	34.83155
-193	34.8309587719298
-194	34.8327418604651
-195	34.8386167938931
-196	34.8405161290323
-197	34.8397398058252
-198	34.8368
-199	34.8339148148148
-200	34.8322108843537
-201	34.8306231292517
-202	34.8280247787611
-203	34.8255370786517
-204	34.8238
-205	34.8202943661972
-206	34.8176948529412
-207	34.8156686868687
-208	34.814464
-209	34.8146672
-210	34.8143532786885
-211	34.8139641304348
-212	34.8136
-213	34.8141
-214	34.8135246753247
-215	34.8135126666667
-216	34.8128939130435
-217	34.8137336633663
-218	34.8139361344538
-219	34.8141578947368
-220	34.8141192771084
-221	34.8142125
-222	34.814891509434
-223	34.815
-224	34.8152619047619
-225	34.8166857142857
-226	34.8169015267176
-227	34.8178734375
-228	34.8181777777778
-229	34.819603125
-230	34.8205
-231	34.8219408759124
-232	34.8232123966942
-233	34.8233211764706
-234	34.8240333333333
-235	34.8251513888889
-236	34.8254666666667
-237	34.827
-238	34.8272289473684
-239	34.8274115789474
-240	34.8285863945578
-241	34.82956
-242	34.8298289473684
-243	34.8302063636364
-244	34.8304016393443
-245	34.8306166666667
-246	34.8305
-247	34.8307602649007
-248	34.8311285714286
-249	34.8311672268908
-250	34.8311555555556
-251	34.8315
-252	34.8311
-253	34.8316275167785
-254	34.8330176923077
-255	34.8334
-256	34.8334
-257	34.8337193548387
-258	34.8343839416058
-259	34.8359089552239
-260	34.8358103448276
-261	34.8356487603306
-262	34.8354419847328
-263	34.8351016260163
-264	34.835043902439
-265	34.8349214285714
-266	34.8344640625
-267	34.8344277027027
-268	34.8343397058824
-269	34.833562
-270	34.8337237623762
-271	34.834684
-272	34.835339516129
-273	34.8348939393939
-274	34.8356923076923
-275	34.8359347107438
-276	34.8356275590551
-277	34.836
-278	34.83602
-279	34.8357934579439
-280	34.8354724409449
-281	34.8343969924812
-282	34.8341719008265
-283	34.8348528089888
-284	34.8349365384615
-285	34.8353848739496
-286	34.8354623853211
-287	34.8358
-288	34.836012295082
-289	34.8375
-290	34.8381168067227
-291	34.8388333333333
-292	34.8393982905983
-293	34.8388661870504
-294	34.8402066666667
-295	34.8417052631579
-296	34.8423566666667
-297	34.8432
-298	34.8438296
-299	34.8437
-300	34.8434
-301	34.8447290909091
-302	34.8444262295082
-303	34.8443251908397
-304	34.843464516129
-305	34.8443
-306	34.8435621621622
-307	34.843641958042
-308	34.8437659574468
-309	34.8432591836735
-310	34.8429242424242
-311	34.8428169230769
-312	34.8428
-313	34.8425730769231
-314	34.8427958677686
-315	34.8425520547945
-316	34.8427346938775
-317	34.8430723404255
-318	34.8436473684211
-319	34.8441198675497
-320	34.843898
-321	34.8441633802817
-322	34.8455319148936
-323	34.8458514619883
-324	34.8466567567568
-325	34.8489659574468
-326	34.8499842105263
-327	34.8506537190083
-328	34.8506150684932
-329	34.8512731034483
-330	34.8514
-331	34.8519326530612
-332	34.8517454545455
-333	34.8518
-334	34.8517
-335	34.8516496183206
-336	34.8519
-337	34.85195
-338	34.85274
-339	34.8537657534247
-340	34.8541636363636
-341	34.8539816993464
-342	34.8538411042945
-343	34.8533112903226
-344	34.8533
-345	34.8539544554455
-346	34.853872
-347	34.8573017964072
-348	34.8570885350319
-349	34.8566784313726
-350	34.8589
-351	34.8691173913044
-352	34.8744125
-353	34.8764793103448
-354	34.8755142857143
-355	34.8755
-356	34.8751234939759
-357	34.8751723404255
-358	34.87689875
-359	34.8767342465753
-360	34.8768
-361	34.8728432624114
-362	34.8748535211268
-363	34.8768839285714
-364	34.8768
-365	34.8773329787234
-366	34.8753669230769
-367	34.8754688741722
-368	34.8785836477987
-369	34.8750288888889
-370	34.8778417721519
-371	34.8752
-372	34.8707756302521
-373	34.8678424657534
-374	34.8642730769231
-375	34.8648071428571
-376	34.8656516483516
-377	34.866
-378	34.8678836734694
-379	34.8628173652695
-380	34.8621865248227
-381	34.863424137931
-382	34.8630485714286
-383	34.8626959183673
-384	34.8627834586466
-385	34.8575444444444
-386	34.8709653465347
-387	34.8715553191489
-388	34.8703210526316
-389	34.8700520547945
-390	34.8686090909091
-391	34.861220754717
-392	34.8618267080745
-393	34.8601649122807
-394	34.8603709090909
-395	34.8648151515151
-396	34.8643720238095
-397	34.8663
-398	34.8697056910569
-399	34.8693631578947
-400	34.8667391304348
-401	34.8640988372093
-402	34.8665
-403	34.8646968253968
-404	34.8605739726027
-405	34.8625822429907
-406	34.8608105263158
-407	34.8633564516129
-408	34.8700571428571
-409	34.8705134146341
-410	34.8684465346535
-411	34.8705275862069
-412	34.8697344262295
-413	34.8721133858268
-414	34.8726189189189
-415	34.879612
-416	34.8814489795918
-417	34.8803743119266
-418	34.8814
-419	34.8812939393939
-420	34.8813102803738
-421	34.8812
-422	34.88107109375
-423	34.8801
-424	34.8802689655172
-425	34.8801117647059
-426	34.8790245283019
-427	34.8811
-428	34.8813227272727
-429	34.8811
-430	34.8813641509434
-431	34.88188
-432	34.8823013422819
-433	34.8824847826087
-434	34.8823
-435	34.8822041666667
-436	34.8820264705882
-437	34.8823833333333
-438	34.8822736842105
-439	34.8825388235294
-440	34.8829408602151
-441	34.8838492307692
-442	34.8839420382166
-443	34.8841
-444	34.8844372093023
-445	34.8843333333333
-446	34.8844
-447	34.8842564971751
-448	34.8839
-449	34.8840758865248
-450	34.8838875
-451	34.8839571428571
-452	34.8836245398773
-453	34.8837045977011
-454	34.8834605095541
-455	34.88324
-456	34.8831096153846
-457	34.8831
-458	34.8831
-459	34.8823232258065
-460	34.8827012738853
-461	34.8831121212121
-462	34.8832056179775
-463	34.8832285714286
-464	34.8831217391304
-465	34.8834
-466	34.8834
-467	34.8837037037037
-468	34.8840536585366
-469	34.8845
-470	34.8843128205128
-471	34.8845753246753
-472	34.8850216216216
-473	34.8853724137931
-474	34.8855411214953
-475	34.8858821428571
-476	34.8856086956522
-477	34.8858
-478	34.8854568181818
-479	34.8857611510791
-480	34.8856
-481	34.8859007692308
-482	34.8862053846154
-483	34.8863405172414
-484	34.8863515151515
-485	34.8862
-486	34.8863728971963
-487	34.886440776699
-488	34.8869
-489	34.8871431034483
-490	34.8871350364963
-491	34.8871669014085
-492	34.8871562962963
-493	34.8873
-494	34.8873604395604
-495	34.88729375
-496	34.8873426229508
-497	34.887627027027
-498	34.8878709090909
-499	34.8876745901639
-500	34.8874682926829
-501	34.8876195121951
-502	34.888
-503	34.8878481481482
-504	34.8878471698113
-505	34.8881857142857
-506	34.8881707964602
-507	34.88829609375
-508	34.8880240310078
-509	34.8878523809524
-510	34.8881
-511	34.8880510638298
-512	34.8876448979592
-513	34.8878508196721
-514	34.886246031746
-515	34.8872
-516	34.8877910714286
-517	34.8878611111111
-518	34.8879490909091
-519	34.888
-520	34.8882928571429
-521	34.8883246268657
-522	34.8884105263158
-523	34.8887
-524	34.8886
-525	34.8885283185841
-526	34.8886
-527	34.888925
-528	34.888731147541
-529	34.8887314516129
-530	34.8889
-531	34.8886569892473
-532	34.8888
-533	34.8886357142857
-534	34.8888734265734
-535	34.8889305343512
-536	34.8888198113208
-537	34.8887564705882
-538	34.888708988764
-539	34.8890869158879
-540	34.8889468085106
-541	34.8889572916667
-542	34.8889
-543	34.8889751445087
-544	34.8891188571429
-545	34.8890177777778
-546	34.8893148148148
-547	34.88938
-548	34.8889187096774
-549	34.8889736486487
-550	34.888683
-551	34.8881886075949
-552	34.8884
-553	34.8882142857143
-554	34.8883
-555	34.8885
-556	34.8879671328671
-557	34.8882055045872
-558	34.8889
-559	34.8892488721805
-560	34.8895906432749
-561	34.8895
-562	34.88975
-563	34.8894755102041
-564	34.8896883333333
-565	34.8903058441559
-566	34.8905193333333
-567	34.8912165048544
-568	34.8911487804878
-569	34.8915752136752
-570	34.8916321917808
-571	34.8913
-572	34.89114
-573	34.89118
-574	34.8900638554217
-575	34.8893420689655
-576	34.8894801242236
-577	34.88937
-578	34.889305952381
-579	34.889521978022
-580	34.8893985074627
-581	34.888904
-582	34.8889976923077
-583	34.8886494382022
-584	34.8886173469388
-585	34.8889821138211
-586	34.8889
-587	34.8884
-588	34.8883
-589	34.8885459459459
-590	34.8880733333333
-591	34.8882460992908
-592	34.8883560747664
-593	34.8880342857143
-594	34.8880678899083
-595	34.8878
-596	34.8878
-597	34.8875613333333
-598	34.887072
-599	34.887051948052
-600	34.887
-601	34.8874616541353
-602	34.8876385714286
-603	34.8875
-604	34.8875046875
-605	34.8877185840708
-606	34.8875685714286
-607	34.8876673913044
-608	34.8874522875817
-609	34.8877405797102
-610	34.8876483516484
-611	34.8878395833333
-612	34.8879136986301
-613	34.8880082089552
-614	34.8883448979592
-615	34.8878253968254
-616	34.8878444444445
-617	34.887827388535
-618	34.8896
-619	34.8893057692308
-620	34.889476056338
-621	34.8895298507463
-622	34.8897
-623	34.8896
-624	34.8901306666667
-625	34.89
-626	34.8904278688525
-627	34.8904914728682
-628	34.8904
-629	34.8902854700855
-630	34.8902448275862
-631	34.8899703296703
-632	34.8899
-633	34.8900496350365
-634	34.8902
-635	34.8899596774194
-636	34.89
-637	34.8894942857143
-638	34.8892984126984
-639	34.8895
-640	34.8894517730496
-641	34.8896335766423
-642	34.8894368421053
-643	34.8890756097561
-644	34.8895702970297
-645	34.8889570422535
-646	34.8892516556291
-647	34.8894780487805
-648	34.8893692307692
-649	34.8889607843137
-650	34.8889556521739
-651	34.889
-652	34.8886578431373
-653	34.8883605263158
-654	34.8877865979381
-655	34.8874513157895
-656	34.8875483333333
-657	34.8870144578313
-658	34.8863349056604
-659	34.8860689655172
-660	34.8862
-661	34.8859456375839
-662	34.885454887218
-663	34.8855849462366
-664	34.885338372093
-665	34.8856
-666	34.8850421875
-667	34.8852008196721
-668	34.8845020408163
-669	34.8852489795918
-670	34.8845950819672
-671	34.8829881889764
-672	34.8821156521739
-673	34.8834125
-674	34.8830477777778
-675	34.8829845360825
-676	34.8827
-677	34.8829835820896
-678	34.883
-679	34.8829677419355
-680	34.8828
-681	34.8831395348837
-682	34.8829460431655
-683	34.882925210084
-684	34.8831076923077
-685	34.8834372727273
-686	34.8830512
-687	34.8831
-688	34.8832325
-689	34.8832277227723
-690	34.8832818897638
-691	34.8836682170543
-692	34.8836
-693	34.8835
-694	34.8829365384615
-695	34.8824888888889
-696	34.8832874015748
-697	34.8817880434783
-698	34.8810313253012
-699	34.881602919708
-700	34.8810253164557
-701	34.8808401360544
-702	34.8792181818182
-703	34.8796
-704	34.8798
-705	34.8791586206897
-706	34.8795035294118
-707	34.8796218045113
-708	34.8791786885246
-709	34.8789041666667
-710	34.8788875
-711	34.87895
-712	34.87872
-713	34.8787153225806
-714	34.8788
-715	34.8787208791209
-716	34.8787
-717	34.8791710280374
-718	34.8794285714286
-719	34.8788804195804
-720	34.879220979021
-721	34.8795181818182
-722	34.88
-723	34.881055
-724	34.881506870229
-725	34.8805985294118
-726	34.882358974359
-727	34.8804848101266
-728	34.8807
-729	34.8809932773109
-730	34.8806386666667
-731	34.8815
-732	34.8803701923077
-733	34.881064516129
-734	34.8766669902913
-735	34.8766541353384
-736	34.8747100719424
-737	34.8760771186441
-738	34.8767022727273
-739	34.8764465116279
-740	34.8755451327434
-741	34.8753614035088
-742	34.8757
-743	34.8758
-744	34.8756838709678
-745	34.8758210526316
-746	34.8757
-747	34.8759872727273
-748	34.8787537931035
-749	34.8771056338028
-750	34.87581
-751	34.8775063291139
-752	34.8773313432836
-753	34.875600617284
-754	34.8829019607843
-755	34.8801775
-756	34.8805127906977
-757	34.8807210884354
-758	34.880472392638
-759	34.8801464566929
-760	34.8813
-761	34.8814729166667
-762	34.8809889655172
-763	34.880825
-764	34.8806123188406
-765	34.8816478873239
-766	34.880715625
-767	34.8816770992367
-768	34.8812529411765
-769	34.8815242990654
-770	34.8822666666667
-771	34.8826
-772	34.8822733333333
-773	34.8827322033898
-774	34.8825
-775	34.8827211764706
-776	34.882796031746
-777	34.8812067567568
-778	34.8811437956204
-779	34.8819725490196
-780	34.8812175824176
-781	34.8809364485981
-782	34.8806745762712
-783	34.8811215686275
-784	34.8809
-785	34.8807876190476
-786	34.8801
-787	34.8785428571429
-788	34.879490625
-789	34.8792454545455
-790	34.8791277777778
-791	34.8791540229885
-792	34.879343
-793	34.8793090163934
-794	34.8791
-795	34.8791343283582
-796	34.8792360465116
-797	34.8795
-798	34.8793
-799	34.879562962963
-800	34.8792211267606
-801	34.879161971831
-802	34.8791395604396
-803	34.8791543046358
-804	34.8787
-805	34.8786
-806	34.8790307692308
-807	34.8784829268293
-808	34.8784045977012
-809	34.8785052631579
-810	34.8784284023669
-811	34.8784
-812	34.87808
-813	34.8781651162791
-814	34.8773444444445
-815	34.8759518072289
-816	34.8756393258427
-817	34.8756522058824
-818	34.8754344370861
-819	34.875532
-820	34.8752894117647
-821	34.8758673267327
-822	34.875756557377
-823	34.8757170731707
-824	34.8762591304348
-825	34.8758470588235
-826	34.8758
-827	34.8765487179487
-828	34.8768275590551
-829	34.876462295082
-830	34.8766642201835
-831	34.8760168224299
-832	34.8759392156863
-833	34.875778125
-834	34.876162
-835	34.8760953271028
-836	34.87623
-837	34.8764
-838	34.8769616
-839	34.8771219512195
-840	34.8774577777778
-841	34.8773880597015
-842	34.8775657894737
-843	34.8774768656716
-844	34.8779
-845	34.8782782608696
-846	34.8777046511628
-847	34.8769646616541
-848	34.8773732142857
-849	34.8778063157895
-850	34.8769309090909
-851	34.87692578125
-852	34.8768558823529
-853	34.8766892857143
-854	34.8765316666667
-855	34.876898630137
-856	34.877385
-857	34.8776530864198
-858	34.8773917431193
-859	34.8767457746479
-860	34.8778
-861	34.8776
-862	34.8775659574468
-863	34.8769064814815
-864	34.8758941176471
-865	34.8761176870748
-866	34.8771
-867	34.8769337078652
-868	34.8774771653543
-869	34.877
-870	34.8772163265306
-871	34.8775028169014
-872	34.8775082474227
-873	34.8762576642336
-874	34.8765366666667
-875	34.8761923076923
-876	34.8760382716049
-877	34.8764
-878	34.876114084507
-879	34.8762183544304
-880	34.8765
-881	34.8771805555556
-882	34.8773894736842
-883	34.877325
-884	34.8774361702128
-885	34.8785434782609
-886	34.878776
-887	34.8775721311475
-888	34.8781810126582
-889	34.8762503184713
-890	34.8777596638656
-891	34.8752
-892	34.8749594827586
-893	34.8753622377622
-894	34.8754736
-895	34.875
-896	34.8752596330275
-897	34.8756506329114
-898	34.8756376470588
-899	34.8753
-900	34.874876
-901	34.8751773333333
-902	34.8751025423729
-903	34.8746991525424
-904	34.8746
-905	34.874297029703
-906	34.8742305555556
-907	34.8744306930693
-908	34.8741669724771
-909	34.8739568807339
-910	34.8735877192982
-911	34.8738664122137
-912	34.8733260869565
-913	34.8732194029851
-914	34.87336
-915	34.8731738461539
-916	34.8733
-917	34.8731646258503
-918	34.8730236641221
-919	34.8732
-920	34.8730533333333
-921	34.8732802816901
-922	34.8717873417722
-923	34.8721380952381
-924	34.8722088235294
-925	34.8718442105263
-926	34.87208
-927	34.8716304347826
-928	34.8714618556701
-929	34.8718405797101
-930	34.8715822580645
-931	34.8713391304348
-932	34.871542519685
-933	34.8716708333333
-934	34.8715152173913
-935	34.8713444444444
-936	34.8713111111111
-937	34.8714282608696
-938	34.8715457943925
-939	34.8713
-940	34.8711507575758
-941	34.8711283018868
-942	34.8709974025974
-943	34.8709902654867
-944	34.8709679104478
-945	34.8710738738739
-946	34.87045
-947	34.8704418803419
-948	34.8703
-949	34.8706806122449
-950	34.8705188405797
-951	34.87035
-952	34.8703095588235
-953	34.8704669421488
-954	34.8705
-955	34.8703863636364
-956	34.8702807017544
-957	34.8705529411765
-958	34.8707683673469
-959	34.8702404255319
-960	34.8706
-961	34.87046
-962	34.8705965517241
-963	34.870515862069
-964	34.870351754386
-965	34.8702666666667
-966	34.8703210526316
-967	34.8706394495413
-968	34.8702127272727
-969	34.8700095238095
-970	34.8702536231884
-971	34.8694
-972	34.8694567567568
-973	34.8693530864198
-974	34.8688657142857
-975	34.8691727272727
-976	34.8686728395062
-977	34.8692427083333
-978	34.8689126315789
-979	34.8686
-980	34.8688307086614
-981	34.8685
-982	34.8685217391304
-983	34.8684
-984	34.8682
-985	34.8683571428571
-986	34.8684873786408
-987	34.8682482142857
-988	34.86825625
-989	34.8682
-990	34.8674945945946
-991	34.867651948052
-992	34.8678109090909
-993	34.8676076923077
-994	34.8671152173913
-995	34.8671735849057
-996	34.8670047297297
-997	34.8667494117647
-998	34.8661
-999	34.8661
-1000	34.8659533742331
-1001	34.8659130434783
-1002	34.8656144927536
-1003	34.86391
-1004	34.8639721854305
-1005	34.8639364285714
-1006	34.8636891891892
-1007	34.8641768292683
-1008	34.8642
-1009	34.8641884057971
-1010	34.8639448818898
-1011	34.8642537037037
-1012	34.8639
-1013	34.8642
-1014	34.8647857142857
-1015	34.8651717948718
-1016	34.8647149425287
-1017	34.8650285714286
-1018	34.8653885714286
-1019	34.8656424657534
-1020	34.8653
-1021	34.8659134328358
-1022	34.864967032967
-1023	34.865243902439
-1024	34.8648196721312
-1025	34.8655978723404
-1026	34.8653343434343
-1027	34.8666816666667
-1028	34.8667148760331
-1029	34.86695
-1030	34.8665692307692
-1031	34.8665537815126
-1032	34.8665
-1033	34.8662724137931
-1034	34.8666328767123
-1035	34.8679218487395
-1036	34.867454676259
-1037	34.8678529411765
-1038	34.8678718446602
-1039	34.8679376470588
-1040	34.8679981132076
-1041	34.8674
-1042	34.8673345454546
-1043	34.8674569620253
-1044	34.8669
-1045	34.867102919708
-1046	34.8671538461539
-1047	34.8660044117647
-1048	34.8656955223881
-1049	34.8664191489362
-1050	34.8667253424658
-1051	34.8655
-1052	34.8655658536585
-1053	34.8642907894737
-1054	34.8641276422764
-1055	34.8643559748428
-1056	34.8641031847134
-1057	34.8641191011236
-1058	34.8640260869565
-1059	34.8640160305344
-1060	34.8643569230769
-1061	34.8644838095238
-1062	34.8643487179487
-1063	34.8643371134021
-1064	34.8642
-1065	34.8649
-1066	34.8639
-1067	34.863804
-1068	34.8630328125
-1069	34.8635189542484
-1070	34.863024025974
-1071	34.8630905982906
-1072	34.8629602941177
-1073	34.8633778947368
-1074	34.8632
-1075	34.8631
-1076	34.8628
-1077	34.8628379310345
-1078	34.8627652173913
-1079	34.8625797468354
-1080	34.8627147058824
-1081	34.8626852564103
-1082	34.8627986486487
-1083	34.8626102941177
-1084	34.862695
-1085	34.8625
-1086	34.8624046666667
-1087	34.8622535714286
-1088	34.8623
-1089	34.8617328125
-1090	34.862304
-1091	34.8620323809524
-1092	34.8620444444444
-1093	34.8619025641026
-1094	34.862689261745
-1095	34.8624102189781
-1096	34.8623
-1097	34.8621666666667
-1098	34.8623108527132
-1099	34.8622
-1100	34.8621407692308

2017/09/01 00:00:00 82 2
0	34.361
-5	34.365513
-10	34.3857
-15	34.401688
-20	34.424198
-25	34.459988
-30	34.505112
-35	34.551888
-40	34.597088
-45	34.636711
-50	34.667812
-55	34.69191
-60	34.711887
-65	34.7267
-70	34.74139
-75	34.754311
-80	34.764488
-85	34.774387
-90	34.781288
-95	34.78759
-100	34.79369
-125	34.816799
-150	34.829201
-175	34.837612
-200	34.842888
-225	34.847389
-250	34.848412
-275	34.85091
-300	34.853001
-325	34.85379
-350	34.853687
-375	34.8535
-400	34.853111
-425	34.852798
-450	34.8526
-475	34.852688
-500	34.852688
-550	34.852112
-600	34.8526
-650	34.852612
-700	34.852299
-750	34.85281
-800	34.852787
-850	34.853088
-900	34.853687
-950	34.85421
-1000	34.854912
-1050	34.85601
-1100	34.85709
-1150	34.858299
-1200	34.859501
-1250	34.861813
-1300	34.865013
-1350	34.86879
-1400	34.872311
-1450	34.876713
-1500	34.881588
-1550	34.885601
-1600	34.8899
-1650	34.89349
-1700	34.89669
-1750	34.898811
-1800	34.900299
-1850	34.901199
-1900	34.901588
-1950	34.901611
-2000	34.900112
-2100	34.89249
-2200	34.89949
-2300	34.905899
-2400	34.911587
-2500	34.914913
-2600	34.91581
-2700	34.916912
-2800	34.917789
-2900	34.916389
-3000	34.91201
-3100	34.906502
-3200	34.900089
-3300	34.893612
-3400	34.887688
-3500	34.886013

2017/11/03 06:02:18 1101 2
0	34.5391511111111
-1	34.5347066666668
-2	34.5302622222223
-3	34.5258177777778
-4	34.5235833333333
-5	34.5237301204819
-6	34.5238
-7	34.52381
-8	34.5237238095238
-9	34.523456
-10	34.5238235294118
-11	34.5236713114754
-12	34.5236056179775
-13	34.5237301470588
-14	34.5239202020202
-15	34.5238847533632
-16	34.524
-17	34.5241461111111
-18	34.5239898305085
-19	34.5239
-20	34.5239924731183
-21	34.524
-22	34.5239405797101
-23	34.5238152284264
-24	34.5237490990991
-25	34.5238219895288
-26	34.5237
-27	34.523902247191
-28	34.5238450777202
-29	34.5238248587571
-30	34.524037037037
-31	34.523815
-32	34.5236386363636
-33	34.5237580645161
-34	34.5236963302752
-35	34.5234333333333
-36	34.5231576923077
-37	34.5232
-38	34.5233024
-39	34.52335
-40	34.5235692307692
-41	34.5236615384615
-42	34.5230672897196
-43	34.5233085714286
-44	34.5232752941176
-45	34.5235
-46	34.5234272727273
-47	34.5235
-48	34.524980620155
-49	34.525
-50	34.5309892857143
-51	34.5308
-52	34.5313176470588
-53	34.5324936170213
-54	34.5326590604027
-55	34.5323294642857
-56	34.5342683098592
-57	34.5358751724138
-58	34.5361294964029
-59	34.5361285714286
-60	34.538048
-61	34.540186
-62	34.5427525423729
-63	34.5453935064935
-64	34.5470565445026
-65	34.5476720588235
-66	34.5470823529412
-67	34.552932460733
-68	34.5535115384615
-69	34.5564044585987
-70	34.5565583333333
-71	34.5569706293706
-72	34.5616909952607
-73	34.5659126126126
-74	34.5676582089552
-75	34.5702466666667
-76	34.5716595744681
-77	34.5805641350211
-78	34.5818948051948
-79	34.5902048128342
-80	34.6042922077922
-81	34.6072151162791
-82	34.6128775784753
-83	34.6158753246753
-84	34.6300675
-85	34.652415131579
-86	34.6107166666667
-87	34.6733630136986
-88	34.7145690607735
-89	34.7310313609467
-90	34.7407041237113
-91	34.7398666666667
-92	34.7405386075949
-93	34.7411840909091
-94	34.7418434782609
-95	34.7451
-96	34.7491503597122
-97	34.760413559322
-98	34.7641
-99	34.7646868613139
-100	34.7645
-101	34.7648011111111
-102	34.7662
-103	34.7678
-104	34.7689358381503
-105	34.7701467741936
-106	34.7688496
-107	34.7714729257642
-108	34.7721285714286
-109	34.775774912892
-110	34.7795654676259
-111	34.7867071856287
-112	34.7821725274725
-113	34.8049382352941
-114	34.8075781725888
-115	34.8113145038168
-116	34.7940189189189
-117	34.8045651376147
-118	34.8138589928058
-119	34.8170472049689
-120	34.8200866666667
-121	34.8210708029197
-122	34.8192090277778
-123	34.8252485294118
-124	34.8273912280702
-125	34.82773640553
-126	34.8281
-127	34.8267892561984
-128	34.8298949152542
-129	34.8303
-130	34.8308995670996
-131	34.8306
-132	34.830724691358
-133	34.8304845132743
-134	34.8310416342412
-135	34.831055
-136	34.8311706976744
-137	34.8309571428571
-138	34.8311302325581
-139	34.8318022222222
-140	34.8318822429907
-141	34.8321379032258
-142	34.8323165217391
-143	34.8324285714286
-144	34.8325255555556
-145	34.8326526315789
-146	34.8325632432432
-147	34.8340920212766
-148	34.8349
-149	34.8341353535354
-150	34.8373388059702
-151	34.8394961538462
-152	34.8412
-153	34.8412391304348
-154	34.8419793103448
-155	34.8419685185185
-156	34.842187394958
-157	34.8438
-158	34.8473010204082
-159	34.8495
-160	34.8503421052632
-161	34.8516
-162	34.8527387096774
-163	34.8531
-164	34.8532558823529
-165	34.8531
-166	34.8537985714286
-167	34.8534556962025
-168	34.8544
-169	34.8542
-170	34.855115942029
-171	34.8553
-172	34.8557828282828
-173	34.8553
-174	34.8560850574713
-175	34.8558046666667
-176	34.8560376237624
-177	34.8562396226415
-178	34.857195505618
-179	34.8571869565217
-180	34.8574618181818
-181	34.8578
-182	34.8580752212389
-183	34.8587483870968
-184	34.8588552941176
-185	34.8591
-186	34.8589029126214
-187	34.859
-188	34.8590891891892
-189	34.8599
-190	34.8609
-191	34.8616434210526
-192	34.8631074074074
-193	34.8656647398844
-194	34.8659725146199
-195	34.8663772727273
-196	34.8660409356725
-197	34.8679373333333
-198	34.8688415254237
-199	34.8695221238938
-200	34.8715689265537
-201	34.8680530612245
-202	34.8705753246753
-203	34.8726682926829
-204	34.8728
-205	34.8752105263158
-206	34.8769068965517
-207	34.8737786982249
-208	34.8788434782609
-209	34.8786
-210	34.87955
-211	34.8807183673469
-212	34.8804728682171
-213	34.8812
-214	34.8814876623377
-215	34.8816232758621
-216	34.8814933333333
-217	34.8817972222222
-218	34.882303125
-219	34.8821414634146
-220	34.8819650943396
-221	34.882475862069
-222	34.8827263157895
-223	34.8824912280702
-224	34.8835
-225	34.8833388349515
-226	34.8835
-227	34.8839
-228	34.8835801843318
-229	34.8840498113208
-230	34.8837697368421
-231	34.8838925373134
-232	34.8841940711463
-233	34.8844444444445
-234	34.884
-235	34.8848235294118
-236	34.8851
-237	34.8852884615385
-238	34.8851575163399
-239	34.8844179487179
-240	34.8851041237113
-241	34.8857754237288
-242	34.8857
-243	34.8857298507463
-244	34.8856952755906
-245	34.8853580645161
-246	34.88551875
-247	34.8860032608696
-248	34.8866
-249	34.8871952173913
-250	34.8868478723404
-251	34.8867181818182
-252	34.8868057692308
-253	34.8901433962264
-254	34.8908722033898
-255	34.8906585454546
-256	34.8913292682927
-257	34.8906428571429
-258	34.8899043478261
-259	34.8915219387755
-260	34.8913721115538
-261	34.8914996336996
-262	34.8916776
-263	34.8915
-264	34.891356
-265	34.8913447154472
-266	34.8915
-267	34.8916490797546
-268	34.8920142857143
-269	34.8920895833333
-270	34.8915
-271	34.8921
-272	34.8926238095238
-273	34.8924376623377
-274	34.89235625
-275	34.8928
-276	34.8930145728643
-277	34.8925815533981
-278	34.8929
-279	34.8927885714286
-280	34.8929856115108
-281	34.8928
-282	34.893176635514
-283	34.8928778846154
-284	34.8931518518519
-285	34.8928773913043
-286	34.8931843478261
-287	34.8935831775701
-288	34.89403125
-289	34.8945176470588
-290	34.894772
-291	34.8949897959184
-292	34.8948046511628
-293	34.8948
-294	34.8946666666667
-295	34.894646953405
-296	34.8945535714286
-297	34.8948843881857
-298	34.8948900662252
-299	34.8949519417476
-300	34.8951734177215
-301	34.8948167330677
-302	34.8948017094017
-303	34.8947275862069
-304	34.8948429319372
-305	34.8955890688259
-306	34.8958996282528
-307	34.8960589147287
-308	34.8962
-309	34.8966
-310	34.897606557377
-311	34.8976017857143
-312	34.8977
-313	34.8979828947368
-314	34.8979
-315	34.8979777142857
-316	34.8982
-317	34.8980453125
-318	34.8982507462687
-319	34.8986559701493
-320	34.8989701149425
-321	34.8991114583333
-322	34.899293258427
-323	34.8992
-324	34.8988472727273
-325	34.8993811320755
-326	34.8992096153846
-327	34.8996442857143
-328	34.9000066666667
-329	34.8997214659686
-330	34.8988612903226
-331	34.8984572727273
-332	34.8981544378698
-333	34.8989574712644
-334	34.8980767123288
-335	34.8964203389831
-336	34.8959554347826
-337	34.8945766871166
-338	34.8944077669903
-339	34.8939538461539
-340	34.8938659574468
-341	34.8939562913907
-342	34.8938690476191
-343	34.8943
-344	34.8944769230769
-345	34.8941147859922
-346	34.8942825203252
-347	34.8944590425532
-348	34.8957
-349	34.8941717948718
-350	34.8963
-351	34.8967
-352	34.8971
-353	34.8973345381526
-354	34.8974030075188
-355	34.8965985294118
-356	34.8978512195122
-357	34.8991
-358	34.899493495935
-359	34.8994539877301
-360	34.8985358974359
-361	34.900358974359
-362	34.9003335106383
-363	34.9004434343434
-364	34.9002598802395
-365	34.9003779816514
-366	34.9000898148148
-367	34.90037734375
-368	34.8994181818182
-369	34.8994355932203
-370	34.8991838461538
-371	34.8992195804196
-372	34.8989757575758
-373	34.898912
-374	34.8991886363636
-375	34.8992117073171
-376	34.8990871165644
-377	34.8992454545455
-378	34.8990414634146
-379	34.8990673469388
-380	34.8987224489796
-381	34.8988192307692
-382	34.8983942446043
-383	34.8981258241758
-384	34.898
-385	34.8981776223776
-386	34.8981386138614
-387	34.8984571428571
-388	34.8982532663317
-389	34.8982966666667
-390	34.8986511450382
-391	34.8982
-392	34.89835
-393	34.8982919254658
-394	34.8985
-395	34.8983100961539
-396	34.8985345323741
-397	34.8981276923077
-398	34.89848
-399	34.8984
-400	34.898
-401	34.8981196153846
-402	34.898
-403	34.8975023255814
-404	34.8978895683453
-405	34.8985
-406	34.8979468553459
-407	34.8977
-408	34.8979
-409	34.8977870967742
-410	34.8977689045936
-411	34.8979181818182
-412	34.8977235772358
-413	34.8978196969697
-414	34.8976756880734
-415	34.89794
-416	34.8981323404255
-417	34.8981590062112
-418	34.8975965517241
-419	34.8977055555556
-420	34.8979072164948
-421	34.8979323699422
-422	34.8979465909091
-423	34.8979556962025
-424	34.8980022988506
-425	34.8979834101383
-426	34.898163592233
-427	34.8980595890411
-428	34.8978941176471
-429	34.8981
-430	34.8982
-431	34.8978309090909
-432	34.8980152046784
-433	34.898006
-434	34.8979017857143
-435	34.8978916666667
-436	34.89779296875
-437	34.8980993197279
-438	34.8980852941177
-439	34.8978947368421
-440	34.8980164383562
-441	34.8981
-442	34.8979522727273
-443	34.8977
-444	34.8977050359712
-445	34.8983361904762
-446	34.8984723849372
-447	34.8985
-448	34.8982482758621
-449	34.8982863636364
-450	34.8982105882353
-451	34.8993346863469
-452	34.8991
-453	34.8985
-454	34.8985674008811
-455	34.8984469072165
-456	34.8983563380282
-457	34.8983685714286
-458	34.8983897959184
-459	34.898108045977
-460	34.8980553571429
-461	34.8981810344828
-462	34.8981
-463	34.8982
-464	34.8981082251082
-465	34.8980222222222
-466	34.8981537878788
-467	34.898078021978
-468	34.8979
-469	34.8980208588957
-470	34.898
-471	34.8974098765432
-472	34.8975693548387
-473	34.8974120689655
-474	34.8973835294118
-475	34.8973539473684
-476	34.8971170454546
-477	34.8970555555556
-478	34.8972
-479	34.89715859375
-480	34.8971745454546
-481	34.8967643478261
-482	34.8967
-483	34.8966247619048
-484	34.8964452380952
-485	34.8966135135135
-486	34.8962905882353
-487	34.8961920454545
-488	34.8959661870504
-489	34.8961810457516
-490	34.8962835714286
-491	34.8963
-492	34.8963462962963
-493	34.8964192982456
-494	34.8964563380282
-495	34.8964962406015
-496	34.896275
-497	34.8962
-498	34.8968732142857
-499	34.8966550387597
-500	34.8966
-501	34.8966
-502	34.8964
-503	34.8965095890411
-504	34.8966
-505	34.8966381818182
-506	34.8963
-507	34.8965
-508	34.8963
-509	34.8963898550725
-510	34.896075
-511	34.8960007194245
-512	34.8961
-513	34.8959044776119
-514	34.8958
-515	34.895625
-516	34.8958
-517	34.8958437956204
-518	34.896
-519	34.8957330434783
-520	34.8960133333333
-521	34.896132038835
-522	34.8963238095238
-523	34.8966507692308
-524	34.8965534351145
-525	34.8964716981132
-526	34.8963285714286
-527	34.896362295082
-528	34.8947
-529	34.8949595588235
-530	34.8952567567568
-531	34.894964
-532	34.8951
-533	34.8952901960784
-534	34.8953191489362
-535	34.8952009803922
-536	34.8953633802817
-537	34.8954050955414
-538	34.8954712418301
-539	34.8951440677966
-540	34.895256097561
-541	34.8956504950495
-542	34.8954
-543	34.8957834532374
-544	34.8957
-545	34.8955290598291
-546	34.8954056074766
-547	34.8956357142857
-548	34.8962
-549	34.8958911330049
-550	34.8957015873016
-551	34.89632
-552	34.8963609195402
-553	34.8964714285714
-554	34.896538697318
-555	34.8966
-556	34.8967408866995
-557	34.8965172413793
-558	34.8964669767442
-559	34.8969607692308
-560	34.8968166666667
-561	34.8965607142857
-562	34.8965850299401
-563	34.896375
-564	34.8964121212121
-565	34.8965908333333
-566	34.8965711111111
-567	34.8967722580645
-568	34.8967682291667
-569	34.8966081967213
-570	34.8968
-571	34.8964459183674
-572	34.8967426395939
-573	34.8966012195122
-574	34.8966015564202
-575	34.8969
-576	34.8970130434783
-577	34.8967
-578	34.8970170542636
-579	34.8972628712871
-580	34.897
-581	34.897
-582	34.8972
-583	34.8973522580645
-584	34.8972059259259
-585	34.8973
-586	34.8973438247012
-587	34.8970551470588
-588	34.896987854251
-589	34.8966534031414
-590	34.8968333333333
-591	34.8966819548872
-592	34.896675
-593	34.8965
-594	34.8963720930233
-595	34.8960149122807
-596	34.8963733333333
-597	34.8959266666667
-598	34.8961
-599	34.8960301587302
-600	34.896
-601	34.8959319727891
-602	34.8959220338983
-603	34.8962227979275
-604	34.8961
-605	34.8959765822785
-606	34.895808
-607	34.8959470588235
-608	34.8961009174312
-609	34.8957074626866
-610	34.8959052631579
-611	34.8961
-612	34.8959801242236
-613	34.896
-614	34.8960307692308
-615	34.8961948148148
-616	34.896184057971
-617	34.8961260869565
-618	34.8960171052632
-619	34.896316
-620	34.8960687150838
-621	34.8960820689655
-622	34.8958621621622
-623	34.8958
-624	34.8958858208955
-625	34.8953961290323
-626	34.8952
-627	34.8951990291262
-628	34.8952213114754
-629	34.8953265957447
-630	34.8953956521739
-631	34.8952
-632	34.8946879194631
-633	34.8950069767442
-634	34.895232
-635	34.8952262411348
-636	34.8948682758621
-637	34.8949815533981
-638	34.894823943662
-639	34.8949743902439
-640	34.8946492537313
-641	34.8943
-642	34.8942935714286
-643	34.8939444444444
-644	34.8941
-645	34.8939365517241
-646	34.8937
-647	34.8935470355731
-648	34.893676284585
-649	34.8936829268293
-650	34.8938
-651	34.8935648148148
-652	34.8935484210526
-653	34.8936
-654	34.8932
-655	34.893
-656	34.8928540540541
-657	34.8930308900524
-658	34.8928704433498
-659	34.8926504950495
-660	34.8926914285714
-661	34.8926
-662	34.8931
-663	34.8926650793651
-664	34.8921586206897
-665	34.8923228013029
-666	34.8923435483871
-667	34.8923
-668	34.8924559322034
-669	34.8923143678161
-670	34.8922
-671	34.8922962264151
-672	34.89227
-673	34.8917395348837
-674	34.8923966386555
-675	34.8920506666667
-676	34.8919550724638
-677	34.8921666666667
-678	34.8916675324675
-679	34.8918046511628
-680	34.8919197969543
-681	34.8916306976744
-682	34.8913177514793
-683	34.8918
-684	34.8919045977012
-685	34.8939047337278
-686	34.8939592592593
-687	34.8939765957447
-688	34.8929798165138
-689	34.8945640625
-690	34.8958302325582
-691	34.8939657142857
-692	34.8953
-693	34.8965
-694	34.8971737864078
-695	34.8971718309859
-696	34.8955
-697	34.894252991453
-698	34.893373255814
-699	34.89325
-700	34.8946117647059
-701	34.8949807017544
-702	34.894753164557
-703	34.8935915254237
-704	34.8939576470588
-705	34.8948411111111
-706	34.8968444444445
-707	34.8982779220779
-708	34.8978759433962
-709	34.8975076190476
-710	34.8975
-711	34.8971640138408
-712	34.8972343065693
-713	34.8978659090909
-714	34.8977
-715	34.8972806451613
-716	34.8993855769231
-717	34.8978944444445
-718	34.8982555555556
-719	34.8992652173913
-720	34.8989530612245
-721	34.8988
-722	34.8975619047619
-723	34.8981155555556
-724	34.8972771084337
-725	34.8976851851852
-726	34.8976633333333
-727	34.896965034965
-728	34.8968257352941
-729	34.8967658536585
-730	34.896386163522
-731	34.8966405405405
-732	34.8965141304348
-733	34.8968977142857
-734	34.8962
-735	34.8957823943662
-736	34.8961136363636
-737	34.8962
-738	34.8964
-739	34.8986285714286
-740	34.8989720207254
-741	34.8986
-742	34.8989
-743	34.8987
-744	34.8985920844327
-745	34.8985233802817
-746	34.8984865168539
-747	34.8982035175879
-748	34.8984693396226
-749	34.8986967741936
-750	34.898907079646
-751	34.8985
-752	34.8988
-753	34.8989740331492
-754	34.8988706806283
-755	34.8988792592593
-756	34.8988711864407
-757	34.8989083333333
-758	34.8987
-759	34.8985567164179
-760	34.8986272277228
-761	34.8986843930636
-762	34.898525
-763	34.8984346153846
-764	34.8988244604317
-765	34.8983
-766	34.898301025641
-767	34.8980978417266
-768	34.8983040816327
-769	34.8979975460123
-770	34.8980158730159
-771	34.8983586956522
-772	34.8980478527607
-773	34.8980293478261
-774	34.8980078947368
-775	34.8979
-776	34.8979111111111
-777	34.8980881818182
-778	34.8982365853659
-779	34.8980730337079
-780	34.8982622807018
-781	34.8979
-782	34.8978
-783	34.898
-784	34.898
-785	34.898
-786	34.8981605263158
-787	34.8982222222222
-788	34.8985
-789	34.8982
-790	34.8981026666667
-791	34.898
-792	34.8979109589041
-793	34.8979728571429
-794	34.898
-795	34.8974819672131
-796	34.8975411764706
-797	34.8973043165468
-798	34.8971
-799	34.8969575757576
-800	34.8970880239521
-801	34.8966017045455
-802	34.8966816326531
-803	34.8968260869565
-804	34.8965258064516
-805	34.8966
-806	34.8963100529101
-807	34.8966765625
-808	34.8963258426966
-809	34.8964970037453
-810	34.8965
-811	34.8966
-812	34.89667265625
-813	34.89656
-814	34.8963754098361
-815	34.8964579439252
-816	34.8964295454546
-817	34.8964448275862
-818	34.8962507575758
-819	34.8960155555556
-820	34.8961081967213
-821	34.8963916083916
-822	34.8962
-823	34.8961237113402
-824	34.8950393939394
-825	34.8949483516484
-826	34.8941975728155
-827	34.8927625
-828	34.8938397590361
-829	34.8926168421053
-830	34.8918
-831	34.8909621818182
-832	34.8904313333333
-833	34.8916
-834	34.8900315151515
-835	34.8902
-836	34.8901
-837	34.8900384976526
-838	34.8899416666667
-839	34.8903596078431
-840	34.8903299270073
-841	34.8900852112676
-842	34.8900590163934
-843	34.8893620879121
-844	34.8895
-845	34.8898965317919
-846	34.8897050505051
-847	34.8896277777778
-848	34.8889362694301
-849	34.8882862745098
-850	34.8890404958678
-851	34.8882715976331
-852	34.8878189944134
-853	34.8886064516129
-854	34.889
-855	34.8889851851852
-856	34.8892
-857	34.889291634981
-858	34.8899262589928
-859	34.8892768361582
-860	34.8889
-861	34.888753030303
-862	34.889
-863	34.8884
-864	34.8873857142857
-865	34.8873186440678
-866	34.88832
-867	34.8880673758865
-868	34.887989084507
-869	34.8878673981191
-870	34.8881452830189
-871	34.8884
-872	34.8881132867133
-873	34.8879646840149
-874	34.8883288808664
-875	34.8878
-876	34.8877700598802
-877	34.88793875
-878	34.8878075812274
-879	34.8879
-880	34.8878
-881	34.8877
-882	34.8873739130435
-883	34.8875275862069
-884	34.8872
-885	34.8867644230769
-886	34.8869
-887	34.8875775700935
-888	34.8874737373737
-889	34.8873960784314
-890	34.8867412844037
-891	34.8870454545455
-892	34.8865455284553
-893	34.8862658653846
-894	34.8858404040404
-895	34.8866109589041
-896	34.8862
-897	34.8859939393939
-898	34.8863743362832
-899	34.8859
-900	34.8859209302326
-901	34.886062987013
-902	34.8859752475248
-903	34.8861244897959
-904	34.8869238095238
-905	34.887125
-906	34.8862
-907	34.8855803921569
-908	34.8849194214876
-909	34.8847458128079
-910	34.8847340425532
-911	34.8855590747331
-912	34.8846074829932
-913	34.8842230088496
-914	34.8841275956284
-915	34.8837465753425
-916	34.8843407407407
-917	34.8840267241379
-918	34.8846259259259
-919	34.8824311111111
-920	34.8831165217391
-921	34.882880952381
-922	34.88281
-923	34.8831707446809
-924	34.8830259067358
-925	34.8831259803922
-926	34.8829690476191
-927	34.8831
-928	34.8826899082569
-929	34.882872173913
-930	34.8829770491803
-931	34.882835
-932	34.8832490909091
-933	34.8829567567568
-934	34.8829009433962
-935	34.8831
-936	34.8830591240876
-937	34.8827454545455
-938	34.8827
-939	34.8828
-940	34.8826487437186
-941	34.8825726618705
-942	34.8827
-943	34.8820741935484
-944	34.8821315789474
-945	34.8823790123457
-946	34.8810376
-947	34.8808467741935
-948	34.8811
-949	34.8805
-950	34.8798557377049
-951	34.879807518797
-952	34.8802
-953	34.8793672727273
-954	34.8793517045455
-955	34.8793161290323
-956	34.8791564356436
-957	34.8793458823529
-958	34.8791763779528
-959	34.8789513157895
-960	34.8788411764706
-961	34.8792430939227
-962	34.8788
-963	34.8786743589744
-964	34.8784118421053
-965	34.8786789915966
-966	34.8786175675676
-967	34.8786520710059
-968	34.8784852459016
-969	34.8787984126984
-970	34.8785516129032
-971	34.8784634920635
-972	34.8780333333333
-973	34.8772201438849
-974	34.8775246753247
-975	34.8761571428571
-976	34.875835078534
-977	34.8764259259259
-978	34.8759
-979	34.8768512820513
-980	34.8765671794872
-981	34.8769521551724
-982	34.8772
-983	34.8774368932039
-984	34.8775088757396
-985	34.877356
-986	34.8773
-987	34.8769970588235
-988	34.8775
-989	34.8775135371179
-990	34.8776569230769
-991	34.87795
-992	34.8776
-993	34.8778538461539
-994	34.8778248847926
-995	34.8782075471698
-996	34.8779784722222
-997	34.8782990147783
-998	34.8782065326633
-999	34.8771261682243
-1000	34.8776587096774
-1001	34.8773132978723
-1002	34.8762917525773
-1003	34.8777967105263
-1004	34.8769144736842
-1005	34.8772857142857
-1006	34.8777
-1007	34.8778746835443
-1008	34.8776205882353
-1009	34.87751
-1010	34.8771567375887
-1011	34.8777435294118
-1012	34.8773935897436
-1013	34.8774490774908
-1014	34.8772819787986
-1015	34.8774074074074
-1016	34.8774
-1017	34.8772237388724
-1018	34.8772835
-1019	34.8775
-1020	34.8774176470588
-1021	34.8776072463768
-1022	34.877963898917
-1023	34.878062962963
-1024	34.8784
-1025	34.8779083665339
-1026	34.8777559440559
-1027	34.8784924836601
-1028	34.8783529209622
-1029	34.8786955465587
-1030	34.878325974026
-1031	34.8784815217391
-1032	34.8788492063492
-1033	34.8788
-1034	34.8786697435897
-1035	34.878564
-1036	34.8787083333333
-1037	34.8785141025641
-1038	34.8786
-1039	34.878424
-1040	34.8778879032258
-1041	34.8776354166667
-1042	34.8780032467532
-1043	34.8777112359551
-1044	34.8777
-1045	34.8777943502825
-1046	34.8770141025641
-1047	34.8772
-1048	34.8769104
-1049	34.8776584158416
-1050	34.8779523076923
-1051	34.87828
-1052	34.8780666666667
-1053	34.8775279069767
-1054	34.8781992
-1055	34.8779741935484
-1056	34.8784555555556
-1057	34.8781979020979
-1058	34.87879375
-1059	34.8785
-1060	34.8786306666667
-1061	34.8783569444445
-1062	34.8784333333333
-1063	34.8784699386503
-1064	34.878734741784
-1065	34.8789
-1066	34.8790834042553
-1067	34.878911023622
-1068	34.8797627906977
-1069	34.8798
-1070	34.8798123152709
-1071	34.8796666666667
-1072	34.8797422680412
-1073	34.8797788321168
-1074	34.8797302521008
-1075	34.8797863309353
-1076	34.87953125
-1077	34.879505511811
-1078	34.8792083333333
-1079	34.8795941634241
-1080	34.8793993103448
-1081	34.8796804195804
-1082	34.8797132530121
-1083	34.8793
-1084	34.8793222222222
-1085	34.8795
-1086	34.8796371428571
-1087	34.8796089285714
-1088	34.8791168421053
-1089	34.8792350318471
-1090	34.8792047393365
-1091	34.8792993150685
-1092	34.8796462686567
-1093	34.88
-1094	34.8802
-1095	34.88
-1096	34.88
-1097	34.8805
-1098	34.8801548387097
-1099	34.87998046875
-1100	34.8800338235294

2017/11/10 12:00:00 82 2
0	34.4963
-5	34.497089
-10	34.520088
-15	34.519989
-20	34.52319
-25	34.524399
-30	34.52631
-35	34.530712
-40	34.53529
-45	34.545399
-50	34.556099
-55	34.578888
-60	34.599987
-65	34.61969
-70	34.639187
-75	34.659687
-80	34.680988
-85	34.696487
-90	34.713699
-95	34.732899
-100	34.746498
-125	34.798302
-150	34.822311
-175	34.8386
-200	34.85041
-225	34.855011
-250	34.857101
-275	34.858688
-300	34.859711
-325	34.860588
-350	34.860199
-375	34.859612
-400	34.859699
-425	34.860111
-450	34.860088
-475	34.859901
-500	34.859989
-550	34.859299
-600	34.858513
-650	34.857887
-700	34.857788
-750	34.857811
-800	34.858013
-850	34.858212
-900	34.858501
-950	34.85899
-1000	34.85989
-1050	34.860489
-1100	34.8615
-1150	34.86301
-1200	34.866112
-1250	34.869312
-1300	34.87331
-1350	34.877487
-1400	34.882313
-1450	34.887402
-1500	34.891987
-1550	34.89669
-1600	34.899689
-1650	34.90189
-1700	34.90329
-1750	34.903988
-1800	34.9044
-1850	34.904488
-1900	34.904411
-1950	34.904011
-2000	34.893112
-2100	34.900913
-2200	34.902912
-2300	34.904713
-2400	34.902588
-2500	34.905212
-2600	34.909199
-2700	34.90799
-2800	34.918312
-2900	34.91721
-3000	34.910011
-3100	34.90049
-3200	34.894989
-3300	34.886299
-3400	34.88229
-3500	34.891613

2017/11/10 12:00:00 82 2
0	34.4963
-5	34.497089
-10	34.520088
-15	34.519989
-20	34.52319
-25	34.524399
-30	34.52631
-35	34.530712
-40	34.53529
-45	34.545399
-50	34.556099
-55	34.578888
-60	34.599987
-65	34.61969
-70	34.639187
-75	34.659687
-80	34.680988
-85	34.696487
-90	34.713699
-95	34.732899
-100	34.746498
-125	34.798302
-150	34.822311
-175	34.8386
-200	34.85041
-225	34.855011
-250	34.857101
-275	34.858688
-300	34.859711
-325	34.860588
-350	34.860199
-375	34.859612
-400	34.859699
-425	34.860111
-450	34.860088
-475	34.859901
-500	34.859989
-550	34.859299
-600	34.858513
-650	34.857887
-700	34.857788
-750	34.857811
-800	34.858013
-850	34.858212
-900	34.858501
-950	34.85899
-1000	34.85989
-1050	34.860489
-1100	34.8615
-1150	34.86301
-1200	34.866112
-1250	34.869312
-1300	34.87331
-1350	34.877487
-1400	34.882313
-1450	34.887402
-1500	34.891987
-1550	34.89669
-1600	34.899689
-1650	34.90189
-1700	34.90329
-1750	34.903988
-1800	34.9044
-1850	34.904488
-1900	34.904411
-1950	34.904011
-2000	34.893112
-2100	34.900913
-2200	34.902912
-2300	34.904713
-2400	34.902588
-2500	34.905212
-2600	34.909199
-2700	34.90799
-2800	34.918312
-2900	34.91721
-3000	34.910011
-3100	34.90049
-3200	34.894989
-3300	34.886299
-3400	34.88229
-3500	34.891613

