2015/12/03 04:28:18  1101 2
0	2.64271176470589
1	2.64800588235295
2	2.65330000000001
3	2.65859411764706
4	2.65981876606684
5	2.65946744639376
6	2.65910324675325
7	2.66161201413428
8	2.66084641638225
9	2.66155393700787
10	2.66227083333333
11	2.66200285714286
12	2.66150757575758
13	2.66028228782288
14	2.66044770318021
15	2.65782481572482
16	2.65637157894737
17	2.65517725752508
18	2.65580000000000
19	2.65681304347826
20	2.65860000000000
21	2.65840000000000
22	2.65715523255814
23	2.65690075376884
24	2.65655031446541
25	2.65957437722420
26	2.65950000000000
27	2.65970295202952
28	2.65805197934596
29	2.65776131805158
30	2.65824333333333
31	2.65879603174603
32	2.65910000000000
33	2.66142535211268
34	2.66623516483516
35	2.66949696969697
36	2.66818547008547
37	2.67031401273885
38	2.66880000000000
39	2.66920374639769
40	2.66803012048193
41	2.66762791666667
42	2.66675813953488
43	2.66639565217391
44	2.66817813765182
45	2.67040240963855
46	2.67014200000000
47	2.66995150375940
48	2.67251686746988
49	2.67171790697674
50	2.66650051975052
51	2.66363708920188
52	2.67212165898618
53	2.67313534246575
54	2.67310000000000
55	2.67298292307692
56	2.66877435897436
57	2.66730429799427
58	2.66831155778894
59	2.66677272727273
60	2.66788138801262
61	2.66621811320755
62	2.66813243243243
63	2.67015251798561
64	2.67240950000000
65	2.67173209876543
66	2.67113300330033
67	2.67299486404834
68	2.67263837209302
69	2.67225756676558
70	2.67040000000000
71	2.66917604166667
72	2.66953809523810
73	2.66701578947368
74	2.66762252252252
75	2.66602986577181
76	2.66526232558140
77	2.66869344729345
78	2.67073076923077
79	2.66848640000000
80	2.66933653846154
81	2.66742862068966
82	2.67557586206897
83	2.68231099365751
84	2.68280437158470
85	2.69893543307087
86	2.69950000000000
87	2.69660749063670
88	2.69805990783410
89	2.69212250803859
90	2.69193142857143
91	2.69304603174603
92	2.69513821510297
93	2.69260149253731
94	2.69067602040816
95	2.69060000000000
96	2.68798730158730
97	2.68285625000000
98	2.67906066252588
99	2.68730450450450
100	2.71634347826087
101	2.72877619047619
102	2.74812761020882
103	2.77939604519774
104	2.80010000000000
105	2.82510841750842
106	2.85250167865707
107	2.85504366197183
108	2.88872393617021
109	2.91245845410628
110	2.96633308270677
111	2.98482374581940
112	3.01823868613139
113	3.05797736389685
114	3.08568024691358
115	3.13239629629630
116	3.15610891089109
117	3.19773340471092
118	3.20764151436031
119	3.21700120481928
120	3.22308072289157
121	3.24736563467492
122	3.26363690476190
123	3.26802489270386
124	3.33644744744745
125	3.38947651821862
126	3.40237955112220
127	3.41649014084507
128	3.43866700000000
129	3.44731986301370
130	3.46014160305344
131	3.46563549783550
132	3.47743442622951
133	3.51545023474178
134	3.54232909930716
135	3.56082800000000
136	3.57951780821918
137	3.60159123867070
138	3.59960294117647
139	3.60577777777778
140	3.61218155080214
141	3.61553629893238
142	3.61844880952381
143	3.62171510791367
144	3.62597007874016
145	3.62257093791281
146	3.63946254416961
147	3.66514530744337
148	3.67547374301676
149	3.67147720207254
150	3.66153747412008
151	3.66190332225914
152	3.66258400000000
153	3.65415333333333
154	3.69143846153846
155	3.68376910112360
156	3.68904112554113
157	3.69120000000000
158	3.70124311926606
159	3.70707377049180
160	3.70174776119403
161	3.71234916201117
162	3.72048418604651
163	3.72405647058824
164	3.72701165644172
165	3.72837604562738
166	3.72798389830508
167	3.72912018348624
168	3.73387529411765
169	3.73645532544379
170	3.75382155172414
171	3.75712668213457
172	3.75943019801980
173	3.76060000000000
174	3.76155026455026
175	3.76910000000000
176	3.77208192771084
177	3.77267530017153
178	3.77420000000000
179	3.77485600000000
180	3.77955835616438
181	3.78027163461538
182	3.78228288288288
183	3.78316183206107
184	3.78215148514851
185	3.78114154228856
186	3.77995589123867
187	3.77610958268934
188	3.77242252066116
189	3.76795100182149
190	3.76774921465969
191	3.76545430916553
192	3.76480000000000
193	3.76499724770642
194	3.76653636363636
195	3.76872140468227
196	3.77262452830189
197	3.77423188405797
198	3.77261638795987
199	3.76875131578947
200	3.77345306122449
201	3.77506272727273
202	3.77912907801418
203	3.78036413043478
204	3.77490000000000
205	3.77397070063694
206	3.77462200557103
207	3.76864285714286
208	3.75746000000000
209	3.75109661016949
210	3.74904194915254
211	3.75313472222222
212	3.74597903225807
213	3.74521606217617
214	3.74622238805970
215	3.75159898305085
216	3.74901656050955
217	3.74800809859155
218	3.74633617747440
219	3.74347894736842
220	3.74295699481865
221	3.73310484581498
222	3.72695905292479
223	3.72072255965293
224	3.71811951219512
225	3.71663017543860
226	3.71350432432432
227	3.71155714285714
228	3.70470147783251
229	3.69952080000000
230	3.69347643312102
231	3.68422631578947
232	3.68209285714286
233	3.67869813664596
234	3.67736495238095
235	3.67006621621622
236	3.66297983193277
237	3.66053157894737
238	3.65974044943820
239	3.65976852459016
240	3.65979146341463
241	3.65796851311953
242	3.65538712871287
243	3.65528456973294
244	3.65500152284264
245	3.65376495327103
246	3.65365180722892
247	3.64979375000000
248	3.64738100358423
249	3.64709774436090
250	3.64396825938567
251	3.64293731343284
252	3.64218525896414
253	3.64119483695652
254	3.63970988023952
255	3.63930780141844
256	3.63905261538462
257	3.63917908571429
258	3.63872829099307
259	3.63730000000000
260	3.63186296296296
261	3.62930810126582
262	3.62861225165563
263	3.62869565217391
264	3.62851313432836
265	3.62785275665399
266	3.62826346749226
267	3.62775059760956
268	3.62633092926491
269	3.62489537037037
270	3.62444285714286
271	3.62321326860841
272	3.62356852589641
273	3.62224583333333
274	3.62171538461539
275	3.62043164556962
276	3.61959586776860
277	3.61948971962617
278	3.61969230769231
279	3.61877361477573
280	3.61754605809129
281	3.61612259414226
282	3.61614057142857
283	3.61602379032258
284	3.61567207547170
285	3.61541111111111
286	3.61545871964680
287	3.61432289156627
288	3.61241925465839
289	3.61090729166667
290	3.61080000000000
291	3.61094816513761
292	3.61094250000000
293	3.61110000000000
294	3.61134875717017
295	3.61117533632287
296	3.60989210134128
297	3.60970000000000
298	3.60921626898048
299	3.60795268817204
300	3.60328640350877
301	3.59876923076923
302	3.59589670329670
303	3.59252735426009
304	3.58302400000000
305	3.58121188405797
306	3.58017969924812
307	3.57616745283019
308	3.57325607235142
309	3.57460253164557
310	3.57246197183099
311	3.57075989717224
312	3.56996835443038
313	3.56852468996618
314	3.56723983516484
315	3.56669353348730
316	3.56170878504673
317	3.55817426900585
318	3.55541657608696
319	3.55244279379157
320	3.55145594405594
321	3.55040729684909
322	3.54917366771160
323	3.54886551724138
324	3.54822852664577
325	3.54761910112360
326	3.54720417910448
327	3.54500000000000
328	3.54415539568345
329	3.54340904977376
330	3.54134497607655
331	3.53846596491228
332	3.53779401709402
333	3.53572057142857
334	3.53096485355649
335	3.52713733333333
336	3.52613866666667
337	3.52530000000000
338	3.52477957446809
339	3.52602793296089
340	3.52620370370370
341	3.52560000000000
342	3.52545100671141
343	3.52655384615385
344	3.52905616438356
345	3.52873817204301
346	3.52842314814815
347	3.52788710801394
348	3.53223095238095
349	3.53438411910670
350	3.53474721189591
351	3.53459850746269
352	3.53337723292469
353	3.53166759061834
354	3.52717991803279
355	3.52623581267218
356	3.52560000000000
357	3.52411136363636
358	3.52206979166667
359	3.51948634146341
360	3.51519045346062
361	3.50985263157895
362	3.50941442006270
363	3.51033241895262
364	3.50831300000000
365	3.50560765957447
366	3.50468756906077
367	3.50429583333333
368	3.50209262536873
369	3.50192808080808
370	3.50115000000000
371	3.50337619047619
372	3.51640317460318
373	3.51399804878049
374	3.51370933333333
375	3.51017818181818
376	3.51003445378151
377	3.50938191489362
378	3.50862955223881
379	3.50767234042553
380	3.50878362573099
381	3.50843295128940
382	3.50841970443350
383	3.50606572438163
384	3.50511682242991
385	3.50369272151899
386	3.49869432176656
387	3.49799674681754
388	3.49983609022556
389	3.50166021505376
390	3.50074965517241
391	3.50098259740260
392	3.50044959016393
393	3.49585914893617
394	3.49382617021277
395	3.49164953271028
396	3.49122258064516
397	3.49199851551957
398	3.48953178807947
399	3.48779655172414
400	3.48441896551724
401	3.47992392638037
402	3.47993116531165
403	3.48028653846154
404	3.48026837606838
405	3.48072691415313
406	3.48083800904977
407	3.48061089494163
408	3.48144503311258
409	3.48085169491525
410	3.48098784313726
411	3.48096369047619
412	3.48063820224719
413	3.48122522522523
414	3.48134248554913
415	3.48169007352941
416	3.48170000000000
417	3.48174245283019
418	3.48158044280443
419	3.48174848484848
420	3.48207664233577
421	3.48240350877193
422	3.48256283987915
423	3.48220000000000
424	3.48247435897436
425	3.48293277661795
426	3.48287826086957
427	3.48287547169811
428	3.48311057268722
429	3.48370000000000
430	3.48370000000000
431	3.48312924281984
432	3.48394559139785
433	3.48425333333333
434	3.48450000000000
435	3.48400820367751
436	3.48313061224490
437	3.48422258064516
438	3.48621179039301
439	3.48618725212465
440	3.48551776155718
441	3.48463600000000
442	3.48435741935484
443	3.48420000000000
444	3.48682585365854
445	3.48908325358852
446	3.48864008264463
447	3.48839173553719
448	3.48773421052632
449	3.48797242524917
450	3.48757179487179
451	3.48820400000000
452	3.48754285714286
453	3.48900000000000
454	3.48992352941176
455	3.48926074270557
456	3.48913567567568
457	3.48934638297872
458	3.48851447368421
459	3.49015655172414
460	3.49059086757991
461	3.49237868852459
462	3.49334324324324
463	3.49390000000000
464	3.49418611111111
465	3.49345773195876
466	3.49363204545455
467	3.49370000000000
468	3.49272986111111
469	3.49430685543964
470	3.49446583850932
471	3.49373184079602
472	3.49139248120301
473	3.49108279569893
474	3.49274295652174
475	3.49643607843137
476	3.49760618556701
477	3.49932231320368
478	3.49709344262295
479	3.49630979020979
480	3.49768975000000
481	3.49543629893239
482	3.49620000000000
483	3.49625565529623
484	3.49551904761905
485	3.49640000000000
486	3.49609647058824
487	3.49978486842105
488	3.50520000000000
489	3.50500588235294
490	3.50574027777778
491	3.50494448398577
492	3.50447269736842
493	3.50402520325203
494	3.50173582089552
495	3.50172063492064
496	3.50180000000000
497	3.50160000000000
498	3.50170000000000
499	3.50135387755102
500	3.50140000000000
501	3.50135531914894
502	3.50136303724928
503	3.50069834710744
504	3.49985024390244
505	3.50044173228347
506	3.49873027522936
507	3.49681875000000
508	3.49634036144578
509	3.49619342105263
510	3.49648210526316
511	3.49667653631285
512	3.49561407766990
513	3.49406481481482
514	3.49329446808511
515	3.49335000000000
516	3.49357623762376
517	3.49279321663020
518	3.49195016759777
519	3.49115448028674
520	3.48948424507659
521	3.49026444444444
522	3.48673322784810
523	3.48231510989011
524	3.48180000000000
525	3.47318854961832
526	3.47240848126233
527	3.47076808510638
528	3.47013618421053
529	3.47226585014409
530	3.47170345679012
531	3.47220705882353
532	3.47165882352941
533	3.47241842105263
534	3.47260375335121
535	3.47191939163498
536	3.46919084967320
537	3.47024059196617
538	3.46909021276596
539	3.46952634730539
540	3.46907528089888
541	3.46925519125683
542	3.46910000000000
543	3.46912467532468
544	3.46644504021448
545	3.46514236311239
546	3.46333094629156
547	3.46238034188034
548	3.46279511568123
549	3.46271301775148
550	3.46294139941691
551	3.46290239043825
552	3.46202712550607
553	3.46209126984127
554	3.46088016194332
555	3.46014000000000
556	3.46078047538200
557	3.45981140350877
558	3.45778977505113
559	3.45248023255814
560	3.45129105691057
561	3.45213621621622
562	3.45039604743083
563	3.44662813186813
564	3.44410000000000
565	3.44234193548387
566	3.44167256637168
567	3.43994920634921
568	3.44010822622108
569	3.44065628140704
570	3.43945026178011
571	3.43909804687500
572	3.43649893238434
573	3.43646109154930
574	3.43548183908046
575	3.43536506024096
576	3.43523631840796
577	3.43519661016949
578	3.43487069444444
579	3.43430000000000
580	3.43451176470588
581	3.43430000000000
582	3.43440000000000
583	3.43540000000000
584	3.43550542635659
585	3.43563333333333
586	3.43555545927210
587	3.43539627659575
588	3.43550000000000
589	3.43562997987928
590	3.43553359073359
591	3.43551914893617
592	3.43580000000000
593	3.43540000000000
594	3.43497543859649
595	3.43493753280840
596	3.43517885615251
597	3.43522801120448
598	3.43500000000000
599	3.43534299287411
600	3.43563802281369
601	3.43580746666667
602	3.43606666666667
603	3.43596838046273
604	3.43610000000000
605	3.43603314121037
606	3.43610000000000
607	3.43462352941177
608	3.43365743589744
609	3.43392135922330
610	3.43361901140684
611	3.43234761904762
612	3.43248995633188
613	3.43180000000000
614	3.43070298507463
615	3.43022127659574
616	3.43002461538462
617	3.42897223529412
618	3.42856256157635
619	3.42791497005988
620	3.42558527607362
621	3.42487692307692
622	3.42255078534031
623	3.42130000000000
624	3.42108380462725
625	3.42067352941176
626	3.42015151515152
627	3.41990000000000
628	3.42028624454148
629	3.42210000000000
630	3.41954285714286
631	3.41796338028169
632	3.41921282051282
633	3.41923333333333
634	3.41750352112676
635	3.41770000000000
636	3.41770380434783
637	3.41800000000000
638	3.41695754716981
639	3.41693017456359
640	3.41745970149254
641	3.41772587991718
642	3.41656643678161
643	3.41634193548387
644	3.41605601374570
645	3.41580000000000
646	3.41576542553192
647	3.41610131362890
648	3.41620050377834
649	3.41480877573131
650	3.41448251473477
651	3.41455469168901
652	3.41439454545455
653	3.41460000000000
654	3.41452563025210
655	3.41471061946903
656	3.41480000000000
657	3.41523307984791
658	3.41539840425532
659	3.41539007092199
660	3.41474545454545
661	3.41486120218579
662	3.41437954545455
663	3.41485322580645
664	3.41460000000000
665	3.41449566929134
666	3.41430000000000
667	3.41407393715342
668	3.41422073170732
669	3.41460000000000
670	3.41430056338028
671	3.41440904255319
672	3.41440691489362
673	3.41265847953216
674	3.41238640429338
675	3.41208481012658
676	3.41110111731844
677	3.41076327272727
678	3.41003589743590
679	3.41077482517483
680	3.40984259927798
681	3.41030679611651
682	3.41002966101695
683	3.41007447619048
684	3.41002433234421
685	3.41025157894737
686	3.41003666038920
687	3.40986871508380
688	3.41009908256881
689	3.41000000000000
690	3.40933496932515
691	3.40945392156863
692	3.40889491059147
693	3.40834447204969
694	3.40845555555556
695	3.40748823529412
696	3.40660000000000
697	3.40566344086022
698	3.40585335820896
699	3.40579700598802
700	3.40575508771930
701	3.40560000000000
702	3.40556113989637
703	3.40552636718750
704	3.40553936170213
705	3.40563723404255
706	3.40490897435897
707	3.40500000000000
708	3.40510000000000
709	3.40340000000000
710	3.40307500000000
711	3.40323469387755
712	3.40290000000000
713	3.40305116279070
714	3.39875663716814
715	3.39988048192771
716	3.39945567010309
717	3.39873528399312
718	3.39718611111111
719	3.39459582089552
720	3.39366480446927
721	3.39376416861827
722	3.39340580474934
723	3.39333305322129
724	3.39300828220859
725	3.39304723854289
726	3.39305128205128
727	3.39417311608961
728	3.39456542750929
729	3.39455967741935
730	3.39362207446809
731	3.39322554278416
732	3.39320062893082
733	3.39350000000000
734	3.39316558441558
735	3.39344000000000
736	3.39169708737864
737	3.39180000000000
738	3.39244149139579
739	3.39224341846758
740	3.39076715328467
741	3.38993686274510
742	3.38917445255474
743	3.38890000000000
744	3.38900000000000
745	3.38881470588235
746	3.38938577075099
747	3.38890000000000
748	3.38918699551570
749	3.38938000000000
750	3.39045137254902
751	3.39037500000000
752	3.38964150943396
753	3.38988387096774
754	3.39018364312268
755	3.39031428571429
756	3.39083167420815
757	3.39080000000000
758	3.39082756410256
759	3.39050000000000
760	3.38796420824295
761	3.38795647058824
762	3.38715288888889
763	3.38744503311258
764	3.38736695906433
765	3.38656601769912
766	3.38610000000000
767	3.38560000000000
768	3.38590000000000
769	3.38600000000000
770	3.38600000000000
771	3.38607979274611
772	3.38590000000000
773	3.38567084870849
774	3.38534307228916
775	3.38521084967320
776	3.38494941176471
777	3.38517645259939
778	3.38521476510067
779	3.38530000000000
780	3.38550196078431
781	3.38561888544892
782	3.38583861386139
783	3.38646867469880
784	3.38714916387960
785	3.38719136212625
786	3.38999915966387
787	3.38978495821727
788	3.39032372881356
789	3.39055682819383
790	3.39029904761905
791	3.38947260869565
792	3.38934634146341
793	3.38950000000000
794	3.39124285714286
795	3.39193623188406
796	3.39192087378641
797	3.39192060606061
798	3.39180000000000
799	3.39204200000000
800	3.39319839228296
801	3.39340000000000
802	3.39355423076923
803	3.39365643564356
804	3.39320252808989
805	3.39359188191882
806	3.39399757085020
807	3.39404590909091
808	3.39299781931464
809	3.38999877216917
810	3.38927469635628
811	3.38945941422594
812	3.38972488687783
813	3.38937975077882
814	3.38916510769231
815	3.38928818461539
816	3.38953747810858
817	3.38920000000000
818	3.38938271812081
819	3.38991220930233
820	3.39017004830918
821	3.39010851063830
822	3.38962434782609
823	3.39016592178771
824	3.39050000000000
825	3.39033990147783
826	3.39075844875346
827	3.39211096774194
828	3.39300000000000
829	3.39193954802260
830	3.39251870967742
831	3.39277174721190
832	3.39261019736842
833	3.39249024390244
834	3.39192903225807
835	3.39214956772334
836	3.39111195652174
837	3.39050000000000
838	3.39098791946309
839	3.39105448275862
840	3.39090961538462
841	3.39110000000000
842	3.39110000000000
843	3.39113565217391
844	3.39148357142857
845	3.39185685618729
846	3.39184922279793
847	3.39197912087912
848	3.39183621730382
849	3.39170000000000
850	3.39036171875000
851	3.38884912280702
852	3.38786867469880
853	3.38638888888889
854	3.38585911330049
855	3.38560000000000
856	3.38582903225806
857	3.38570000000000
858	3.38610896551724
859	3.38637288629738
860	3.38635700483092
861	3.38660000000000
862	3.38632483221476
863	3.38646629526462
864	3.38649735682819
865	3.38636170212766
866	3.38630000000000
867	3.38624419642857
868	3.38617656250000
869	3.38620000000000
870	3.38632511627907
871	3.38500844155844
872	3.38505187165775
873	3.38530000000000
874	3.38594814814815
875	3.38630071942446
876	3.38635155555556
877	3.38630158102767
878	3.38592727272727
879	3.38590000000000
880	3.38589512670565
881	3.38602235294118
882	3.38611275862069
883	3.38660000000000
884	3.38614314720812
885	3.38635434500649
886	3.38657656675749
887	3.38661166666667
888	3.38672609756098
889	3.38690000000000
890	3.38698971962617
891	3.38660000000000
892	3.38671865889213
893	3.38586825396825
894	3.38543476562500
895	3.38590000000000
896	3.38590000000000
897	3.38664845938375
898	3.38642959183674
899	3.38673819241983
900	3.38710226244344
901	3.38720045248869
902	3.38715397489540
903	3.38704838709677
904	3.38671973094170
905	3.38687548746518
906	3.38680000000000
907	3.38725759493671
908	3.38800582191781
909	3.38868820512821
910	3.38874010989011
911	3.38875256916996
912	3.38874450549451
913	3.38896363636364
914	3.38923832335329
915	3.38921993569132
916	3.38935246636771
917	3.38937735849057
918	3.38932682926829
919	3.38980000000000
920	3.39161072796935
921	3.39193153153153
922	3.39217878787879
923	3.39250000000000
924	3.39288925619835
925	3.39326980000000
926	3.39340847457627
927	3.39299784946237
928	3.39322570162482
929	3.39376281250000
930	3.39428474576271
931	3.39484704370180
932	3.39476738609113
933	3.39474466019417
934	3.39524585635359
935	3.39504519572954
936	3.39530000000000
937	3.39563316831683
938	3.39584096385542
939	3.39624313725490
940	3.39669972527473
941	3.39679680232558
942	3.39699316546763
943	3.39807230215827
944	3.39813046357616
945	3.39962558139535
946	3.40131934306569
947	3.40138115942029
948	3.40208621700880
949	3.40199669421488
950	3.40163471074380
951	3.40258137254902
952	3.40303122065728
953	3.40345421994885
954	3.40473807106599
955	3.40548651162791
956	3.40826016597510
957	3.41042157676349
958	3.41267951219512
959	3.41321900684932
960	3.41575846153846
961	3.42265899053628
962	3.42587671957672
963	3.42807563025210
964	3.43070000000000
965	3.43125434782609
966	3.43054457478006
967	3.42656183574879
968	3.43206141078838
969	3.43265944444444
970	3.43288214285714
971	3.43219557522124
972	3.43266953405018
973	3.43258415300546
974	3.43260000000000
975	3.43286861538462
976	3.43294602409639
977	3.43167500000000
978	3.43086623616236
979	3.43076317689531
980	3.43050127551020
981	3.43045768261965
982	3.43070000000000
983	3.43171890909091
984	3.42973251533742
985	3.43007343750000
986	3.43042024013722
987	3.42933473193473
988	3.42701598173516
989	3.42755727002967
990	3.42806057692308
991	3.42960754716981
992	3.42993373493976
993	3.43018339350181
994	3.42993226600985
995	3.42971188811189
996	3.42986562500000
997	3.42966951871658
998	3.42946708860760
999	3.42942066115702
1000	3.42930000000000
1001	3.43008594377510
1002	3.43021392405063
1003	3.43058770491803
1004	3.43183766233766
1005	3.43161593625498
1006	3.42918900000000
1007	3.42956987951807
1008	3.42970000000000
1009	3.43020442477876
1010	3.43005899581590
1011	3.43022751322751
1012	3.43052622950820
1013	3.43190162162162
1014	3.43264571428571
1015	3.43298783068783
1016	3.43365113268608
1017	3.43283733333333
1018	3.43376932153392
1019	3.43311333333333
1020	3.43687000000000
1021	3.44131886792453
1022	3.44356621160410
1023	3.44476065573770
1024	3.44580071174377
1025	3.44761893491124
1026	3.44915878634640
1027	3.44991428571429
1028	3.45030614334471
1029	3.45372022471910
1030	3.45801439894320
1031	3.46305209302326
1032	3.46355703225806
1033	3.46439169675090
1034	3.46560507812500
1035	3.46538563535912
1036	3.46482291666667
1037	3.46483065953654
1038	3.46498634812287
1039	3.46614809843400
1040	3.46682884615385
1041	3.46846872852234
1042	3.46717127158556
1043	3.46963430232558
1044	3.46914322344322
1045	3.47024684684685
1046	3.47050658914729
1047	3.47205096153846
1048	3.47390000000000
1049	3.47537551867220
1050	3.47653785714286
1051	3.47670000000000
1052	3.47652320000000
1053	3.47650000000000
1054	3.47635345911950
1055	3.47609278350515
1056	3.47579701492537
1057	3.47632901023891
1058	3.47696321839080
1059	3.47708275862069
1060	3.47675877551020
1061	3.47680000000000
1062	3.47736943231441
1063	3.47833814432990
1064	3.47955811965812
1065	3.47967529137529
1066	3.48074158415842
1067	3.48313690987124
1068	3.48446905829596
1069	3.48454461538462
1070	3.48560000000000
1071	3.48680327272727
1072	3.48780857142857
1073	3.48860000000000
1074	3.48880625000000
1075	3.48969397590361
1076	3.49053333333333
1077	3.49012339622642
1078	3.49073468354430
1079	3.49161958041958
1080	3.49226929133858
1081	3.49415473251029
1082	3.49549420849421
1083	3.49793116883117
1084	3.49799152542373
1085	3.49697905027933
1086	3.49830000000000
1087	3.49856440677966
1088	3.49860000000000
1089	3.49789476439791
1090	3.49932345679012
1091	3.49854593175853
1092	3.49951442307692
1093	3.49980000000000
1094	3.50109075342466
1095	3.50451000000000
1096	3.50587432950192
1097	3.50596484018265
1098	3.50664520547945
1099	3.50612172284644
1100	3.50590000000000
2016/07/26 10:33:18  1101 2
0	8.19059230769221
1	8.27136153846152
2	8.35190243902439
3	8.37581842105263
4	8.42273909774436
5	8.62452191011236
6	7.99004294871795
7	8.15617368421053
8	8.05763055555556
9	7.91283076923077
10	7.96577500000000
11	7.95243865546219
12	7.94516218487395
13	7.97729166666667
14	7.98243103448276
15	7.98943243243243
16	8.04912727272727
17	7.93961619047619
18	7.89928598130841
19	7.84669677419355
20	7.78567040816327
21	7.76378474576271
22	7.70679047619048
23	7.65329803921569
24	7.54445393258427
25	7.52459629629630
26	7.44159911504425
27	7.32826829268293
28	7.27888076923077
29	7.16507142857143
30	7.13213629032258
31	7.01501272727273
32	6.90297727272727
33	6.81868571428571
34	6.73085739130435
35	6.66757428571429
36	6.60918000000000
37	6.52223870967742
38	6.38027468354430
39	6.25309819277108
40	6.21419172413793
41	5.79567894736842
42	5.62530694444445
43	5.53570909090909
44	5.51886000000000
45	5.51323050847458
46	5.51201956521739
47	5.50842361111111
48	5.49005820895522
49	5.41428415841584
50	5.39565538461538
51	5.39104285714286
52	5.38220300751880
53	5.36775822784810
54	5.27251077844312
55	5.21023829787234
56	5.14050000000000
57	5.06100967741936
58	5.04024210526316
59	5.03193121019108
60	5.02469277108434
61	5.01456853146853
62	4.99184418604651
63	4.95988571428572
64	4.90723500000000
65	4.89709022556391
66	4.86797777777778
67	4.83740000000000
68	4.83383384615385
69	4.81896870229008
70	4.78866304347826
71	4.70693010752688
72	4.61510613496932
73	4.50113076923077
74	4.47564545454546
75	4.38980650000000
76	4.38639581589958
77	4.38211046025105
78	4.37399104477612
79	4.35689389312977
80	4.34796129032258
81	4.25120381679389
82	4.18800400000000
83	4.16699518716578
84	4.15642690058480
85	4.15323283582090
86	4.14100000000000
87	4.14340454545455
88	4.13926406250000
89	4.13788161764706
90	4.13869555555556
91	4.13786000000000
92	4.13576153846154
93	4.13345185185185
94	4.13516701030928
95	4.13365128205128
96	4.13345284974093
97	4.13350000000000
98	4.13341590909091
99	4.13405849056604
100	4.13123703703704
101	4.13452178770950
102	4.12853257142857
103	4.12743164556962
104	4.11760930232558
105	4.12005714285714
106	4.12475752212389
107	4.10095389221557
108	4.07899447513812
109	4.05917865853659
110	4.05482868852459
111	4.05567066666667
112	4.05136323529412
113	4.01518775510204
114	3.90950000000000
115	3.88345352112676
116	3.86017517730496
117	3.83190000000000
118	3.82271587301587
119	3.81941666666667
120	3.80193157894737
121	3.79713684210526
122	3.78859732142857
123	3.77916727272727
124	3.76996788990826
125	3.75290758620690
126	3.73920116959064
127	3.73049166666667
128	3.72169480519481
129	3.71328888888889
130	3.71039300000000
131	3.70871442307692
132	3.70593833333333
133	3.70459496402878
134	3.70204413793103
135	3.70171006711409
136	3.70013495145631
137	3.69446800000000
138	3.69135840707965
139	3.69015488721805
140	3.68990000000000
141	3.68953130434783
142	3.68740000000000
143	3.68740701754386
144	3.68297454545455
145	3.68157888888889
146	3.68275526315789
147	3.68586363636364
148	3.68708496240602
149	3.68959710144928
150	3.69235600000000
151	3.69250000000000
152	3.69260000000000
153	3.69303200000000
154	3.69336056338028
155	3.69294444444444
156	3.69220000000000
157	3.69191343283582
158	3.69250000000000
159	3.69254197530864
160	3.69304507042254
161	3.69397260273973
162	3.69410000000000
163	3.69480209424084
164	3.69510000000000
165	3.69510000000000
166	3.68830000000000
167	3.68334745762712
168	3.68222831858407
169	3.67576643356643
170	3.67663783783784
171	3.67409117647059
172	3.67164485981308
173	3.66918532110092
174	3.66610731707317
175	3.66495576923077
176	3.66461428571429
177	3.65941555555556
178	3.65422118226601
179	3.63904956140351
180	3.63629245283019
181	3.63402816091954
182	3.63658641975309
183	3.63946769230769
184	3.64069230769231
185	3.64374095238095
186	3.64864782608696
187	3.65115564853557
188	3.65510500000000
189	3.65873916666667
190	3.66081756097561
191	3.66201204819277
192	3.67587118644068
193	3.67546019417476
194	3.66864838709677
195	3.66484202127660
196	3.65870000000000
197	3.65520000000000
198	3.65521136363636
199	3.65190555555556
200	3.65272710280374
201	3.65379909090909
202	3.64963870967742
203	3.65044473684211
204	3.64958723404255
205	3.65018241758242
206	3.64750800000000
207	3.64700000000000
208	3.64955200000000
209	3.65482867647059
210	3.65566116504854
211	3.65367647058824
212	3.66004947368421
213	3.67697360000000
214	3.67309440559441
215	3.65840857142857
216	3.64851481481481
217	3.64571834862385
218	3.64500000000000
219	3.64250000000000
220	3.63840000000000
221	3.64482405063291
222	3.64935301204819
223	3.64840000000000
224	3.65008592592593
225	3.64950582524272
226	3.64872195121951
227	3.65256728971963
228	3.65680581395349
229	3.66435400000000
230	3.66618148148148
231	3.67112222222222
232	3.67715754189944
233	3.67940000000000
234	3.67916086956522
235	3.67933333333333
236	3.67862950819672
237	3.67750859375000
238	3.67722800000000
239	3.67801962616822
240	3.67902222222222
241	3.67891374045802
242	3.68493823529412
243	3.68644852071006
244	3.68768927444795
245	3.68938292682927
246	3.68588203125000
247	3.68923636363636
248	3.69303956043956
249	3.69301510791367
250	3.69236612903226
251	3.68829509803922
252	3.68753918918919
253	3.68067613636364
254	3.68598251366120
255	3.68473550724638
256	3.68893255813954
257	3.68635463917526
258	3.68627941176471
259	3.68636709677419
260	3.68624896551724
261	3.68809635036496
262	3.68206782608696
263	3.67578214285714
264	3.67429811320755
265	3.65929558823529
266	3.66832380952381
267	3.67624973821990
268	3.65933850574713
269	3.65544857142857
270	3.65533157894737
271	3.63012000000000
272	3.57977828947368
273	3.52585116279070
274	3.49098258064516
275	3.48960000000000
276	3.49287377049180
277	3.49480232558140
278	3.52692988505747
279	3.51044767441860
280	3.50685070422535
281	3.49734285714286
282	3.49854285714286
283	3.51122094240838
284	3.51026179245283
285	3.51005526315790
286	3.50877706422018
287	3.52744144144144
288	3.53226820809249
289	3.53149408602151
290	3.53084698795181
291	3.52689345794393
292	3.52340000000000
293	3.51648333333333
294	3.50924435483871
295	3.50654074074074
296	3.49710416666667
297	3.49710275229358
298	3.49816393442623
299	3.50163149606299
300	3.50427216494845
301	3.50984250000000
302	3.51790101010101
303	3.52924158415842
304	3.51997777777778
305	3.52105588235294
306	3.52002432432432
307	3.52371760000000
308	3.52150000000000
309	3.52241034482759
310	3.52916000000000
311	3.52826091954023
312	3.52209285714286
313	3.52320000000000
314	3.52047565789474
315	3.52444782608696
316	3.52513972602740
317	3.53621636363636
318	3.53702857142857
319	3.53758805970149
320	3.54110000000000
321	3.54196688741722
322	3.54244000000000
323	3.54314097560976
324	3.54427241379310
325	3.54528777777778
326	3.54470000000000
327	3.54657768595041
328	3.54690958083832
329	3.54824400000000
330	3.54924615384615
331	3.54683695652174
332	3.54609850746269
333	3.56900344827586
334	3.56435468750000
335	3.55865634517766
336	3.56385000000000
337	3.56091594202899
338	3.56664966887417
339	3.57020410958904
340	3.57165739644970
341	3.57477297297297
342	3.57317860082305
343	3.57370598290598
344	3.57455097087379
345	3.57369473684211
346	3.57459185520362
347	3.57522703862661
348	3.57231091703057
349	3.57201547619048
350	3.57270454545455
351	3.57268417266187
352	3.57292513966480
353	3.58926206896552
354	3.59323333333333
355	3.58894186046512
356	3.58615668789809
357	3.59880000000000
358	3.61046090909091
359	3.61211400966184
360	3.61260000000000
361	3.61110000000000
362	3.61219929577465
363	3.61322746113990
364	3.61486731707317
365	3.61490000000000
366	3.61466055045872
367	3.61433500000000
368	3.61247692307692
369	3.60843827160494
370	3.60680218978102
371	3.60520000000000
372	3.60810092592593
373	3.60821200000000
374	3.60680000000000
375	3.60720000000000
376	3.60550000000000
377	3.60067653061225
378	3.59990691823899
379	3.59951505376344
380	3.59844114285714
381	3.59738947368421
382	3.59684736842105
383	3.59476067415730
384	3.59418648648649
385	3.59349340659341
386	3.59267000000000
387	3.59350738255034
388	3.59344300000000
389	3.59285833333333
390	3.59477346938776
391	3.59160076335878
392	3.58793446327684
393	3.58608695652174
394	3.58498287292818
395	3.58511007194245
396	3.58335217391304
397	3.58364651162791
398	3.58398571428571
399	3.58157647058824
400	3.58040931372549
401	3.57900000000000
402	3.57850000000000
403	3.57988800000000
404	3.58140000000000
405	3.57902516556291
406	3.57930000000000
407	3.57907434210526
408	3.57658785714286
409	3.57431192660550
410	3.57328613861386
411	3.56966585365854
412	3.56990663265306
413	3.56943222748815
414	3.56764928909953
415	3.56314074074074
416	3.55910972222222
417	3.55901257142857
418	3.55892233009709
419	3.55957391304348
420	3.55970000000000
421	3.56012051282051
422	3.56052731092437
423	3.56048409090909
424	3.55459751773050
425	3.54772672064777
426	3.54751420765027
427	3.54459214659686
428	3.53981410256410
429	3.54045681818182
430	3.54914631147541
431	3.55066262626263
432	3.54880206185567
433	3.55400540540541
434	3.55329292035398
435	3.55789402985075
436	3.55373409090909
437	3.55492255639098
438	3.55693129770992
439	3.56435522388060
440	3.56355671641791
441	3.56438333333333
442	3.57024935064935
443	3.56799777777778
444	3.56661506849315
445	3.56630436681223
446	3.56984612068966
447	3.56949889502762
448	3.56223461538462
449	3.56484883720930
450	3.57005511811024
451	3.57116849315069
452	3.57494878048781
453	3.57151739130435
454	3.57504482758621
455	3.56992782608696
456	3.56964246575343
457	3.56864000000000
458	3.56977704918033
459	3.57128726114650
460	3.56860000000000
461	3.56500705882353
462	3.56355531914894
463	3.56340485436893
464	3.55709101123596
465	3.55980943396226
466	3.55742342342342
467	3.55780857142857
468	3.55853185483871
469	3.55959402985075
470	3.55950000000000
471	3.55986839378238
472	3.55883384615385
473	3.55913384615385
474	3.55933230769231
475	3.55902187500000
476	3.55871983471074
477	3.55870000000000
478	3.55814923076923
479	3.55899469026549
480	3.55775483870968
481	3.55897227722772
482	3.55822363636364
483	3.55769117647059
484	3.55725752212389
485	3.55740000000000
486	3.55749170984456
487	3.55658571428571
488	3.55704226804124
489	3.55689494584838
490	3.55671543209877
491	3.55672388888889
492	3.55666947368421
493	3.55588620689655
494	3.55605022624434
495	3.55600000000000
496	3.55448095238095
497	3.55270000000000
498	3.55222378640777
499	3.55166354166667
500	3.55115939393939
501	3.55055333333333
502	3.54973382352941
503	3.54926866666667
504	3.54880000000000
505	3.54892525252525
506	3.54889523809524
507	3.54901502890173
508	3.54971675675676
509	3.54912108843537
510	3.54920138888889
511	3.54915000000000
512	3.54891386861314
513	3.54896257668712
514	3.54929617834395
515	3.54987964601770
516	3.54950000000000
517	3.54814565217391
518	3.55118319327731
519	3.55107482517482
520	3.55634733727811
521	3.55614137931035
522	3.55710747663551
523	3.55776923076923
524	3.55854583333333
525	3.55886113744076
526	3.55920000000000
527	3.55902683982684
528	3.55920000000000
529	3.55907101449275
530	3.55947021276596
531	3.55891388888889
532	3.55920000000000
533	3.55930000000000
534	3.55908181818182
535	3.55880000000000
536	3.55980545454545
537	3.56057959183674
538	3.56040000000000
539	3.56019642857143
540	3.55611647058824
541	3.54990476190476
542	3.54769782608696
543	3.54879868421053
544	3.54710000000000
545	3.54716724137931
546	3.54730000000000
547	3.54768920187793
548	3.54950000000000
549	3.54416806722689
550	3.54256507936508
551	3.54259692982456
552	3.54277800000000
553	3.54257960784314
554	3.54230000000000
555	3.54186428571429
556	3.54238281938326
557	3.54284444444444
558	3.54229013605442
559	3.54260632411067
560	3.54689090909091
561	3.54718400000000
562	3.54660000000000
563	3.54676068376068
564	3.54707540983607
565	3.54888965517241
566	3.54950000000000
567	3.54958562874251
568	3.54600294117647
569	3.55240000000000
570	3.55296875000000
571	3.55482424242424
572	3.55880638297872
573	3.55750000000000
574	3.55563475935829
575	3.55546881720430
576	3.55347588652482
577	3.55414000000000
578	3.55470000000000
579	3.55384326923077
580	3.55512307692308
581	3.55487589285714
582	3.55473857868020
583	3.55398181818182
584	3.55458476190476
585	3.54903880597015
586	3.54796099290780
587	3.54827702702703
588	3.54772337662338
589	3.54785314685315
590	3.54723117647059
591	3.54712432432432
592	3.54699589041096
593	3.54561395348837
594	3.54664347826087
595	3.54029192546584
596	3.54092187500000
597	3.54289591836735
598	3.54076136363636
599	3.53999156626506
600	3.53826504854369
601	3.53372782608696
602	3.53455238095238
603	3.53450000000000
604	3.53404476190476
605	3.53499065420561
606	3.53423168316832
607	3.53511500000000
608	3.53436153846154
609	3.53363506493506
610	3.53432222222222
611	3.53353539823009
612	3.53112258064516
613	3.53066147540984
614	3.53084678899083
615	3.53128133333333
616	3.53165957446809
617	3.53124461538462
618	3.53068571428571
619	3.53085523809524
620	3.53080000000000
621	3.53053820224719
622	3.53090101010101
623	3.53120000000000
624	3.52946390977444
625	3.52991714285714
626	3.52996862745098
627	3.52922131147541
628	3.52918524590164
629	3.52840000000000
630	3.52850000000000
631	3.52777450980392
632	3.52817692307692
633	3.52830000000000
634	3.52765137614679
635	3.52663750000000
636	3.52658620689655
637	3.52708857142857
638	3.52760200000000
639	3.52764731707317
640	3.52667751196172
641	3.52730000000000
642	3.52725142857143
643	3.52698307692308
644	3.52691886792453
645	3.52658391608392
646	3.52694843750000
647	3.52657882352941
648	3.52635525114155
649	3.52681300813008
650	3.52661866666667
651	3.52692356687898
652	3.52785205479452
653	3.52623703703704
654	3.52630000000000
655	3.52679138755981
656	3.52836698564593
657	3.52644098360656
658	3.52649056603774
659	3.52502421052632
660	3.52578246753247
661	3.52627357512953
662	3.52690380952381
663	3.52771702127660
664	3.52860000000000
665	3.52979777777778
666	3.52954166666667
667	3.52969250000000
668	3.52880314960630
669	3.52842857142857
670	3.52844355828221
671	3.52800000000000
672	3.52501428571429
673	3.52420444444444
674	3.52015442176871
675	3.52042222222222
676	3.52016533333333
677	3.51673125000000
678	3.51620000000000
679	3.51691015625000
680	3.51559403973510
681	3.51597293233083
682	3.51432808988764
683	3.51410952380952
684	3.51456071428571
685	3.51343893129771
686	3.51370000000000
687	3.51377941176471
688	3.51243620689655
689	3.51210000000000
690	3.51092086330935
691	3.51032142857143
692	3.51007592592593
693	3.50870612244898
694	3.50580000000000
695	3.50550000000000
696	3.50430000000000
697	3.50351280788177
698	3.50392663316583
699	3.50272972972973
700	3.50223076923077
701	3.50271290322581
702	3.50313777777778
703	3.50388223350254
704	3.50380000000000
705	3.50428938775510
706	3.50365781990521
707	3.50350275862069
708	3.50378942307692
709	3.50370845070423
710	3.50253915662651
711	3.50190000000000
712	3.49860000000000
713	3.49643953488372
714	3.49519024390244
715	3.49440384615385
716	3.49339310344828
717	3.49239739130435
718	3.49080000000000
719	3.49038791208791
720	3.49000000000000
721	3.48990000000000
722	3.48959101123596
723	3.48985571428571
724	3.48896029411765
725	3.48853965517241
726	3.48662000000000
727	3.48592299465241
728	3.48478333333333
729	3.48496923076923
730	3.48509137931035
731	3.48330000000000
732	3.48160000000000
733	3.48109130434783
734	3.48131886792453
735	3.47860000000000
736	3.47934210526316
737	3.47883643410853
738	3.47879195402299
739	3.47888974358974
740	3.47850769230769
741	3.47902921348315
742	3.47911320754717
743	3.47815725806452
744	3.47863000000000
745	3.47884477611940
746	3.47680000000000
747	3.47708021390374
748	3.47766301369863
749	3.47740000000000
750	3.47689111111111
751	3.47718157894737
752	3.47650000000000
753	3.47730000000000
754	3.47751475409836
755	3.47760000000000
756	3.47760000000000
757	3.47720000000000
758	3.47277967479675
759	3.47480000000000
760	3.46864890510949
761	3.46867368421053
762	3.46885682819383
763	3.46870000000000
764	3.46854559585492
765	3.46714642857143
766	3.46807037037037
767	3.46688775510204
768	3.46780000000000
769	3.46779423076923
770	3.46870000000000
771	3.46778571428571
772	3.46768000000000
773	3.46760000000000
774	3.46819090909091
775	3.46700555555556
776	3.46695517241379
777	3.46704432989691
778	3.46722436974790
779	3.46742237762238
780	3.46759215686275
781	3.46892452830189
782	3.46867916666667
783	3.46896666666667
784	3.46900000000000
785	3.46860517241379
786	3.46940000000000
787	3.46958241758242
788	3.46914857142857
789	3.46851666666667
790	3.46658901098901
791	3.46557279411765
792	3.46642500000000
793	3.46736687116564
794	3.46841208791209
795	3.46970253164557
796	3.46954242424242
797	3.46650000000000
798	3.46905182481752
799	3.46868019801980
800	3.46931929824561
801	3.46152526315790
802	3.46085800000000
803	3.46083015873016
804	3.46090000000000
805	3.46103400000000
806	3.46090000000000
807	3.46080000000000
808	3.46071166666667
809	3.45725126050420
810	3.45690909090909
811	3.45694701492537
812	3.45645737704918
813	3.45573169014085
814	3.45539259259259
815	3.45500000000000
816	3.45450000000000
817	3.45486101694915
818	3.45514220779221
819	3.45481858407080
820	3.45489058823529
821	3.45492580645161
822	3.45455470085470
823	3.45297530864198
824	3.45212380952381
825	3.45240000000000
826	3.45240000000000
827	3.45203902439024
828	3.45172978723404
829	3.45138819875776
830	3.45097606837607
831	3.44980000000000
832	3.45000000000000
833	3.44971370967742
834	3.44990000000000
835	3.44980000000000
836	3.44990000000000
837	3.45030000000000
838	3.45033125000000
839	3.45030000000000
840	3.44753880597015
841	3.44697500000000
842	3.44450000000000
843	3.44505119047619
844	3.44450947368421
845	3.44441578947369
846	3.44323176470588
847	3.44276400000000
848	3.44347500000000
849	3.44320000000000
850	3.44340000000000
851	3.44256375000000
852	3.44230151515152
853	3.44150821917808
854	3.44150000000000
855	3.44208235294118
856	3.44282083333333
857	3.44280000000000
858	3.44310000000000
859	3.44307235294118
860	3.44373678160920
861	3.44404873417722
862	3.44420000000000
863	3.44390000000000
864	3.44200579710145
865	3.44026320754717
866	3.43986995515695
867	3.43660000000000
868	3.43548360655738
869	3.43522093023256
870	3.43538062500000
871	3.43536431718062
872	3.43527109004739
873	3.43447826086957
874	3.43380000000000
875	3.43416052631579
876	3.43450000000000
877	3.43438843537415
878	3.43436750000000
879	3.43100000000000
880	3.43060000000000
881	3.43030000000000
882	3.42949000000000
883	3.43005894736842
884	3.42997090909091
885	3.42966407766990
886	3.42839259259259
887	3.42560000000000
888	3.42550000000000
889	3.42554240000000
890	3.42478811881188
891	3.42502558139535
892	3.42480188679245
893	3.42490578512397
894	3.42433513513514
895	3.42500000000000
896	3.42496942675159
897	3.42586046511628
898	3.42602065217391
899	3.42849024390244
900	3.42996588235294
901	3.42974966442953
902	3.42865736434109
903	3.42445483870968
904	3.42252543859649
905	3.42340000000000
906	3.42320000000000
907	3.42383170731707
908	3.42390000000000
909	3.42410000000000
910	3.42404774774775
911	3.42418571428571
912	3.42440000000000
913	3.42440000000000
914	3.42450000000000
915	3.42458651685393
916	3.42460000000000
917	3.42474883720930
918	3.42511489361702
919	3.42424344262295
920	3.42375200000000
921	3.42346574074074
922	3.42349836065574
923	3.42341868131868
924	3.42293902439024
925	3.42322000000000
926	3.42300000000000
927	3.42320000000000
928	3.42309411764706
929	3.42310000000000
930	3.42300000000000
931	3.42300000000000
932	3.42283500000000
933	3.42290000000000
934	3.42288166666667
935	3.42280000000000
936	3.42227482993197
937	3.42104330708661
938	3.42079795918367
939	3.42170000000000
940	3.42230188679245
941	3.42248000000000
942	3.42270977443609
943	3.42294814814815
944	3.42288169014085
945	3.42278888888889
946	3.42309444444444
947	3.42306932515337
948	3.42310000000000
949	3.42310769230769
950	3.42319694656489
951	3.42310000000000
952	3.42390689655172
953	3.42510000000000
954	3.42524462365591
955	3.42459171597633
956	3.42458805970149
957	3.42490000000000
958	3.42838000000000
959	3.42878385416667
960	3.42845573770492
961	3.42851804511278
962	3.42894285714286
963	3.42898444444444
964	3.42911525423729
965	3.42970064516129
966	3.43010000000000
967	3.43063508771930
968	3.43180000000000
969	3.43260000000000
970	3.43201090909091
971	3.43156483516484
972	3.43150000000000
973	3.43198129496403
974	3.43240000000000
975	3.43270000000000
976	3.43283628318584
977	3.43300000000000
978	3.43304336283186
979	3.43255972222222
980	3.43459078947368
981	3.43540245901639
982	3.43542553191489
983	3.43580185185185
984	3.43603174603175
985	3.43610000000000
986	3.43665675675676
987	3.43717372262774
988	3.43720000000000
989	3.43751463414634
990	3.43664033613445
991	3.43620759493671
992	3.43743200000000
993	3.43900817610063
994	3.43874626865672
995	3.43701084337349
996	3.43585090909091
997	3.43671282051282
998	3.43710000000000
999	3.43690975609756
1000	3.43763333333333
1001	3.44190000000000
1002	3.44225833333333
1003	3.44277777777778
1004	3.44530336134454
1005	3.44765959595960
1006	3.44775181818182
1007	3.44821960784314
1008	3.44852876712329
1009	3.44866442307692
1010	3.44880000000000
1011	3.44871965811966
1012	3.44914071856287
1013	3.44940000000000
1014	3.44970489130435
1015	3.44961925925926
1016	3.44980000000000
1017	3.45080857142857
1018	3.45150000000000
1019	3.45170000000000
1020	3.45180000000000
1021	3.45150000000000
1022	3.45170000000000
1023	3.45153448275862
1024	3.45216140350877
1025	3.45210756302521
1026	3.45280000000000
1027	3.45300000000000
1028	3.45302115384615
1029	3.45321206896552
1030	3.45401570247934
1031	3.45468369565217
1032	3.45486037735849
1033	3.45527395833333
1034	3.45510000000000
1035	3.45558834355828
1036	3.45555324675325
1037	3.45502095238095
1038	3.45519000000000
1039	3.45520000000000
1040	3.45522782608696
1041	3.45519540229885
1042	3.45520000000000
1043	3.45520000000000
1044	3.45524571428571
1045	3.45520084745763
1046	3.45541707317073
1047	3.45546250000000
1048	3.45544029850746
1049	3.45583296703297
1050	3.45600000000000
1051	3.45637049180328
1052	3.45623100775194
1053	3.45620000000000
1054	3.45646666666667
1055	3.45690000000000
1056	3.45680000000000
1057	3.45712222222222
1058	3.45712183098592
1059	3.45785569620253
1060	3.45820000000000
1061	3.45850384615385
1062	3.45830000000000
1063	3.45890000000000
1064	3.46026804123711
1065	3.45890000000000
1066	3.46233818181818
1067	3.46252578125000
1068	3.46334805194805
1069	3.46278932038835
1070	3.46429852941177
1071	3.46420229885057
1072	3.46460000000000
1073	3.46450000000000
1074	3.46465642857143
1075	3.46350054347826
1076	3.46394135802469
1077	3.46342921348315
1078	3.46440000000000
1079	3.46460000000000
1080	3.46497787610619
1081	3.46454519230769
1082	3.46622847682119
1083	3.46620000000000
1084	3.46818194444445
1085	3.46824020100503
1086	3.46780000000000
1087	3.46772125000000
1088	3.46810000000000
1089	3.46845344827586
1090	3.46854370370370
1091	3.46860000000000
1092	3.47021467889908
1093	3.47060295566503
1094	3.47035857142857
1095	3.47044057971014
1096	3.47024752475248
1097	3.47040000000000
1098	3.47160312500000
1099	3.47130000000000
1100	3.47418531073446
2017/07/22 01:45:18  1101 2
0	6.72976956521734
1	6.72107391304326
2	6.71237826086951
3	6.70368260869554
4	6.69498695652169
5	6.68629130434782
6	6.67931176470588
7	6.67823472222222
8	6.67923333333333
9	6.67688947368421
10	6.67331728395062
11	6.67037704918033
12	6.67044466019418
13	6.67056716417910
14	6.67055692307692
15	6.66937425742574
16	6.66924861111111
17	6.67077976190476
18	6.63778706896552
19	6.64885625000000
20	6.64122229299363
21	6.14978767123288
22	6.16177946428571
23	5.90315416666667
24	5.72821588785047
25	5.50387391304348
26	5.40202876712329
27	5.40335537190083
28	5.39185384615385
29	5.42310000000000
30	5.42635488721805
31	5.35978800000000
32	5.26379280575540
33	4.53902830188679
34	4.26490000000000
35	4.14154526315789
36	4.02896984126984
37	4.05294701492537
38	4.00496216216216
39	3.94238461538462
40	3.89345384615385
41	3.77021153846154
42	3.59978467153285
43	3.60074016393443
44	3.60886597938144
45	3.59965436893204
46	3.57389655172414
47	3.54729473684211
48	3.52740000000000
49	3.51093689320388
50	3.48288500000000
51	3.41852727272727
52	3.31067165354331
53	3.16647924528302
54	3.09234242424242
55	3.07934380952381
56	3.05241320754717
57	3.02879658119658
58	3.00396046511628
59	2.97526111111111
60	2.96391000000000
61	2.97233928571429
62	2.97956240000000
63	2.97815492957746
64	2.97003829787234
65	2.96514375000000
66	2.95423636363636
67	2.94199821428571
68	2.93401221374046
69	2.95433846153846
70	2.93798620689655
71	2.92476422018349
72	2.91965544554455
73	2.91690112359551
74	2.90412857142857
75	2.90863211678832
76	2.92067142857143
77	2.92496875000000
78	2.95102584269663
79	2.98796862745098
80	3.02682089552239
81	3.02093309352518
82	3.03705546218487
83	3.04952133333333
84	3.08817419354839
85	3.12854852941176
86	3.16448843537415
87	3.22494814814815
88	3.29115128205128
89	3.31480329670330
90	3.33270000000000
91	3.33403333333333
92	3.37321230769231
93	3.38977692307692
94	3.38832521008403
95	3.38945238095238
96	3.45408217821782
97	3.49396238532110
98	3.50832545454545
99	3.51756666666667
100	3.53079180327869
101	3.53770166666667
102	3.58853461538462
103	3.62133917525773
104	3.64335405405405
105	3.68660000000000
106	3.69290168067227
107	3.68683652173913
108	3.73330909090909
109	3.78966082474227
110	3.78987349397590
111	3.81110000000000
112	3.81152945205479
113	3.81296754966887
114	3.81373770491803
115	3.81916623376623
116	3.82011770833333
117	3.82064800000000
118	3.82209316770186
119	3.83445985401460
120	3.83241428571429
121	3.85327777777778
122	3.85749815950920
123	3.86415026455027
124	3.85724482758621
125	3.87109439252336
126	3.91283142857143
127	3.93660728476821
128	3.93360927835052
129	3.91292178770950
130	3.85918518518519
131	3.84118666666667
132	3.81748846153846
133	3.81088764044944
134	3.76782173913043
135	3.73436272189349
136	3.75488125000000
137	3.76116417910448
138	3.79505357142857
139	3.81588497109827
140	3.83804137931035
141	3.84097697841727
142	3.85056666666667
143	3.85077933884298
144	3.86343157894737
145	3.85703672316384
146	3.84222692307692
147	3.83979890109890
148	3.83870000000000
149	3.84779758064516
150	3.87146000000000
151	3.87541736111111
152	3.87879166666667
153	3.89006000000000
154	3.89306500000000
155	3.90443366336634
156	3.91154347826087
157	3.91826597222222
158	3.92844268292683
159	3.93240402684564
160	3.94620425531915
161	3.94916794871795
162	3.96009117647059
163	3.96445322580645
164	3.96458778625954
165	3.96714881889764
166	3.96860000000000
167	3.96980000000000
168	3.96864846153846
169	3.97025100671141
170	3.97222313432836
171	3.97298214285714
172	3.97877319587629
173	3.99778549618321
174	4.00415734265734
175	4.00530000000000
176	4.00600000000000
177	4.00373186813187
178	4.00330000000000
179	4.00346644295302
180	4.00550000000000
181	4.00840000000000
182	4.00256086956522
183	3.96501666666667
184	3.92760489510489
185	3.88537481481481
186	3.88697777777778
187	3.88612815533981
188	3.95684137931035
189	4.01472125984252
190	4.05852926829268
191	4.05328365384615
192	4.05258000000000
193	4.04877631578947
194	4.05599922480620
195	4.09168702290076
196	4.10824838709677
197	4.10477961165049
198	4.07397164179104
199	4.04822962962963
200	4.03453469387755
201	4.02594013605442
202	4.00714336283186
203	3.98409662921348
204	3.97036134453782
205	3.94107323943662
206	3.89801544117647
207	3.89053838383838
208	3.86516800000000
209	3.86606800000000
210	3.86265327868852
211	3.85786413043478
212	3.85461666666667
213	3.85179689922481
214	3.84732467532468
215	3.84808733333333
216	3.84425130434783
217	3.84129801980198
218	3.83997310924370
219	3.83982105263158
220	3.83988072289157
221	3.83958750000000
222	3.83900566037736
223	3.83960000000000
224	3.84009285714286
225	3.84218571428571
226	3.84350152671756
227	3.84502656250000
228	3.84722592592593
229	3.85017395833333
230	3.85320081967213
231	3.85623649635037
232	3.86043719008264
233	3.86150000000000
234	3.86263333333333
235	3.86582291666667
236	3.86500000000000
237	3.86150074626866
238	3.86044210526316
239	3.85553263157895
240	3.85648639455782
241	3.85888000000000
242	3.86005789473684
243	3.86150000000000
244	3.86245081967213
245	3.86228333333333
246	3.86139626865672
247	3.85953973509934
248	3.85840000000000
249	3.85783361344538
250	3.85720000000000
251	3.85645000000000
252	3.85365036496350
253	3.85172550335570
254	3.85270000000000
255	3.85240000000000
256	3.85250000000000
257	3.85339354838710
258	3.85227080291971
259	3.84856417910448
260	3.84911034482759
261	3.84885619834711
262	3.84482595419847
263	3.83600813008130
264	3.83260000000000
265	3.83175714285714
266	3.82537968750000
267	3.82211081081081
268	3.81638088235294
269	3.80766900000000
270	3.80658415841584
271	3.80782000000000
272	3.81068387096774
273	3.80625959595960
274	3.80430000000000
275	3.80184793388430
276	3.79907795275591
277	3.79692820512821
278	3.79820000000000
279	3.79620373831776
280	3.79155511811024
281	3.77833909774436
282	3.77371570247934
283	3.77255280898876
284	3.77238269230769
285	3.77312016806723
286	3.77470000000000
287	3.77654166666667
288	3.77681229508197
289	3.78309923664122
290	3.78698235294118
291	3.78810000000000
292	3.79080683760684
293	3.78670071942446
294	3.79126666666667
295	3.79920000000000
296	3.79870000000000
297	3.80032500000000
298	3.80153520000000
299	3.80147739130435
300	3.80037623762376
301	3.80126181818182
302	3.80292622950820
303	3.79729847328244
304	3.79389919354839
305	3.79194693877551
306	3.78788108108108
307	3.78292587412587
308	3.78081276595745
309	3.77562857142857
310	3.77158787878788
311	3.76976615384615
312	3.76903393939394
313	3.76751794871795
314	3.76715702479339
315	3.76698904109589
316	3.76629795918367
317	3.76630000000000
318	3.76820000000000
319	3.76791986754967
320	3.76730600000000
321	3.76503661971831
322	3.76868226950355
323	3.77174152046784
324	3.77548918918919
325	3.78479893617021
326	3.78916315789474
327	3.79380000000000
328	3.79470000000000
329	3.79610000000000
330	3.79590000000000
331	3.79796938775510
332	3.79868181818182
333	3.79836792452830
334	3.79855371900826
335	3.79810000000000
336	3.79816978417266
337	3.79820000000000
338	3.80002000000000
339	3.81018904109589
340	3.81453636363636
341	3.81343267973856
342	3.80544846625767
343	3.80554032258065
344	3.80665454545455
345	3.80883465346535
346	3.81009866666667
347	3.81842215568862
348	3.82498853503185
349	3.82734509803922
350	3.82800000000000
351	3.89076521739131
352	3.93732812500000
353	3.94296206896552
354	3.94160952380952
355	3.93617400000000
356	3.93548795180723
357	3.93083617021277
358	3.93312875000000
359	3.93576575342466
360	3.93832134831461
361	3.92249929078014
362	3.91796197183099
363	3.92685982142857
364	3.93020357142857
365	3.93052978723404
366	3.92263076923077
367	3.91746887417219
368	3.93166981132076
369	3.91845925925926
370	3.91686075949367
371	3.91324782608696
372	3.88225210084034
373	3.86128561643836
374	3.85245256410256
375	3.83593571428571
376	3.83644835164835
377	3.83557674418605
378	3.83827959183673
379	3.80764011976048
380	3.80982482269504
381	3.81225172413793
382	3.81668285714286
383	3.81162448979592
384	3.80817142857143
385	3.79095802469136
386	3.85573267326733
387	3.86538936170213
388	3.86347894736842
389	3.85801506849315
390	3.84460303030303
391	3.80536540880503
392	3.79900000000000
393	3.78450877192982
394	3.78272545454545
395	3.81616742424242
396	3.81444404761905
397	3.81646242774566
398	3.83445934959350
399	3.84066315789474
400	3.82685217391304
401	3.79694011627907
402	3.80680872093023
403	3.80073968253968
404	3.77779315068493
405	3.78209626168224
406	3.77307368421053
407	3.78706290322581
408	3.82954285714286
409	3.83540487804878
410	3.82541089108911
411	3.83581379310345
412	3.82904918032787
413	3.84856929133858
414	3.84032972972973
415	3.88181200000000
416	3.89187142857143
417	3.89351559633028
418	3.89242545454545
419	3.89203939393939
420	3.88725514018692
421	3.88610000000000
422	3.88610000000000
423	3.88172857142857
424	3.87853965517241
425	3.86831176470588
426	3.86318301886792
427	3.87480000000000
428	3.87507424242424
429	3.87228965517241
430	3.87136037735849
431	3.87378000000000
432	3.87483557046980
433	3.87590760869565
434	3.87450000000000
435	3.87423166666667
436	3.86751323529412
437	3.86608333333333
438	3.86452631578947
439	3.86500000000000
440	3.86626129032258
441	3.86689846153846
442	3.86714203821656
443	3.86735487804878
444	3.86726279069767
445	3.86750000000000
446	3.86660000000000
447	3.86645649717514
448	3.86468142076503
449	3.86370000000000
450	3.86349375000000
451	3.86297142857143
452	3.86215092024540
453	3.86095804597701
454	3.85882101910828
455	3.85410000000000
456	3.85213653846154
457	3.84899108910891
458	3.84767518248175
459	3.84534129032258
460	3.83920000000000
461	3.83964848484848
462	3.83990561797753
463	3.84020952380952
464	3.83781304347826
465	3.83562416107383
466	3.83490000000000
467	3.83523086419753
468	3.83516829268293
469	3.83720888888889
470	3.83814358974359
471	3.83870649350649
472	3.83990720720721
473	3.84124827586207
474	3.84130000000000
475	3.84171785714286
476	3.84160434782609
477	3.84180000000000
478	3.84180000000000
479	3.84200000000000
480	3.84240000000000
481	3.84250076923077
482	3.84343153846154
483	3.84321982758621
484	3.84291616161616
485	3.84320000000000
486	3.84370000000000
487	3.84381359223301
488	3.84460000000000
489	3.84427068965517
490	3.84436496350365
491	3.84430000000000
492	3.84417185185185
493	3.84410000000000
494	3.84398021978022
495	3.84403750000000
496	3.84410000000000
497	3.84405405405405
498	3.84380000000000
499	3.84232377049180
500	3.83909512195122
501	3.83646097560976
502	3.83461363636364
503	3.83394074074074
504	3.83212358490566
505	3.83209642857143
506	3.83200000000000
507	3.83190156250000
508	3.83167596899225
509	3.83143809523810
510	3.83050000000000
511	3.83000425531915
512	3.82834489795918
513	3.82768196721311
514	3.82519206349206
515	3.82082000000000
516	3.82219107142857
517	3.82318055555556
518	3.82270000000000
519	3.82306875000000
520	3.82179285714286
521	3.82189179104478
522	3.82275263157895
523	3.82270000000000
524	3.82371904761905
525	3.82330000000000
526	3.82318387096774
527	3.82262500000000
528	3.82256885245902
529	3.82230000000000
530	3.82034444444444
531	3.82010000000000
532	3.81886465517241
533	3.81880000000000
534	3.81828671328671
535	3.81790000000000
536	3.81773962264151
537	3.81737176470588
538	3.81710000000000
539	3.81611308411215
540	3.81590000000000
541	3.81544270833333
542	3.81552158273381
543	3.81483757225434
544	3.81402457142857
545	3.81114296296296
546	3.80741296296296
547	3.80658000000000
548	3.80780000000000
549	3.80981554054054
550	3.80558700000000
551	3.80086835443038
552	3.79970000000000
553	3.79890714285714
554	3.79870000000000
555	3.79870000000000
556	3.79878321678322
557	3.79860000000000
558	3.80078529411765
559	3.80199924812030
560	3.80380000000000
561	3.80367356321839
562	3.80570000000000
563	3.80384897959184
564	3.80480583333333
565	3.80767077922078
566	3.80951933333333
567	3.81183300970874
568	3.81172439024390
569	3.81336239316239
570	3.81302260273973
571	3.81200576923077
572	3.80890000000000
573	3.80744000000000
574	3.80243975903614
575	3.79802344827586
576	3.79512670807453
577	3.79430000000000
578	3.79350000000000
579	3.79352197802198
580	3.79369776119403
581	3.79229466666667
582	3.78849307692308
583	3.78665056179775
584	3.78650000000000
585	3.78647073170732
586	3.78664516129032
587	3.78297659574468
588	3.78160674157303
589	3.78158108108108
590	3.78154666666667
591	3.78119219858156
592	3.78105607476636
593	3.77898571428571
594	3.77703394495413
595	3.77698322147651
596	3.77340519480520
597	3.77372266666667
598	3.76675600000000
599	3.76494935064935
600	3.76370000000000
601	3.76360000000000
602	3.76385142857143
603	3.76212543859649
604	3.76098593750000
605	3.76009380530973
606	3.76033142857143
607	3.75856304347826
608	3.75678431372549
609	3.75380000000000
610	3.75389890109890
611	3.75403958333333
612	3.75660821917808
613	3.75599179104478
614	3.75606938775510
615	3.75368730158730
616	3.75346666666667
617	3.75409044585987
618	3.75760000000000
619	3.76355288461538
620	3.76416197183099
621	3.76434328358209
622	3.76441097560976
623	3.76453061224490
624	3.76533866666667
625	3.76652808988764
626	3.76677213114754
627	3.76619147286822
628	3.76492195121951
629	3.76461452991453
630	3.76392758620690
631	3.75917032967033
632	3.75860000000000
633	3.75690072992701
634	3.75680000000000
635	3.75508064516129
636	3.75246400000000
637	3.75134000000000
638	3.74914603174603
639	3.74767476635514
640	3.74402411347518
641	3.74423430656934
642	3.74388157894737
643	3.74087317073171
644	3.74192970297030
645	3.73918661971831
646	3.73807417218543
647	3.73740000000000
648	3.73620000000000
649	3.73431764705882
650	3.73442956521739
651	3.73502631578947
652	3.73221568627451
653	3.73044210526316
654	3.72332989690722
655	3.71958684210526
656	3.71429333333333
657	3.70990481927711
658	3.69626509433962
659	3.69526896551724
660	3.69490676691729
661	3.69057382550336
662	3.68500375939850
663	3.68360000000000
664	3.68360000000000
665	3.68050000000000
666	3.67895234375000
667	3.67890000000000
668	3.67619183673469
669	3.67644897959184
670	3.67270000000000
671	3.66635511811024
672	3.65882000000000
673	3.64721562500000
674	3.64833888888889
675	3.64835567010309
676	3.64830000000000
677	3.64924179104478
678	3.64911076923077
679	3.64881612903226
680	3.64850000000000
681	3.64957984496124
682	3.64845395683453
683	3.64942352941176
684	3.64727692307692
685	3.65010454545455
686	3.65094880000000
687	3.64902314814815
688	3.64773500000000
689	3.64777227722772
690	3.64633622047244
691	3.64572713178295
692	3.64698440366973
693	3.64554375000000
694	3.64121442307692
695	3.63557460317460
696	3.63586220472441
697	3.63405543478261
698	3.62271566265060
699	3.63457226277372
700	3.62350126582279
701	3.62201020408163
702	3.61435681818182
703	3.61203283582090
704	3.61267046979866
705	3.61076436781609
706	3.61085176470588
707	3.61064060150376
708	3.61062295081967
709	3.60500416666667
710	3.60636250000000
711	3.60602500000000
712	3.60620000000000
713	3.60501532258065
714	3.60496451612903
715	3.60490000000000
716	3.60400000000000
717	3.60538691588785
718	3.60602857142857
719	3.60570209790210
720	3.60548601398601
721	3.60820000000000
722	3.60875000000000
723	3.61232500000000
724	3.61368244274809
725	3.61155220588235
726	3.61541025641026
727	3.61084556962025
728	3.60988684210526
729	3.60909495798319
730	3.61074866666667
731	3.61227500000000
732	3.61016538461538
733	3.61000322580645
734	3.58448155339806
735	3.58595639097744
736	3.58852517985612
737	3.58007711864407
738	3.57896931818182
739	3.57954651162791
740	3.57380884955752
741	3.57340000000000
742	3.57430000000000
743	3.57425384615385
744	3.57439193548387
745	3.57394736842105
746	3.57430000000000
747	3.57521909090909
748	3.58267793103448
749	3.58323239436620
750	3.57759000000000
751	3.58276708860759
752	3.58348358208955
753	3.58398641975309
754	3.59750915032680
755	3.60715875000000
756	3.60591046511628
757	3.60512108843537
758	3.60554601226994
759	3.60428976377953
760	3.60997419354839
761	3.60931250000000
762	3.60672275862069
763	3.60630625000000
764	3.60757536231884
765	3.61013380281690
766	3.61098020833333
767	3.61152290076336
768	3.61115294117647
769	3.60892897196262
770	3.61672500000000
771	3.61755357142857
772	3.61568000000000
773	3.61616440677966
774	3.61695822784810
775	3.61706588235294
776	3.61827222222222
777	3.61129729729730
778	3.60913138686131
779	3.60659607843137
780	3.60583186813187
781	3.60380467289720
782	3.60123050847458
783	3.60012156862745
784	3.60170000000000
785	3.60154380952381
786	3.59719333333333
787	3.59069428571429
788	3.58465468750000
789	3.58340909090909
790	3.58353518518518
791	3.57690000000000
792	3.57704300000000
793	3.57700901639344
794	3.57675897435897
795	3.57660000000000
796	3.57655465116279
797	3.57710000000000
798	3.57739559748428
799	3.57730000000000
800	3.57733943661972
801	3.57688309859155
802	3.57560769230769
803	3.57363046357616
804	3.57386588235294
805	3.57180072463768
806	3.57303076923077
807	3.57140000000000
808	3.57070689655172
809	3.57136315789474
810	3.57148579881657
811	3.57071304347826
812	3.57026000000000
813	3.56783023255814
814	3.56501481481482
815	3.55784939759036
816	3.54886067415730
817	3.54894779411765
818	3.54850331125828
819	3.54930000000000
820	3.54740000000000
821	3.54921386138614
822	3.54852622950820
823	3.54920975609756
824	3.54853565217391
825	3.55054705882353
826	3.55020000000000
827	3.55187179487180
828	3.55263622047244
829	3.55270000000000
830	3.55213211009174
831	3.54860841121495
832	3.54840000000000
833	3.54826979166667
834	3.54772400000000
835	3.54789906542056
836	3.54848500000000
837	3.54846417910448
838	3.55071920000000
839	3.55223902439024
840	3.55335777777778
841	3.55318805970149
842	3.55373421052632
843	3.55400000000000
844	3.55426753246753
845	3.55540000000000
846	3.55343255813954
847	3.54820827067669
848	3.54913303571429
849	3.55076842105263
850	3.54599272727273
851	3.54666640625000
852	3.54482352941176
853	3.54509285714286
854	3.54200000000000
855	3.54265205479452
856	3.54518000000000
857	3.54573209876543
858	3.54257614678899
859	3.54191408450704
860	3.54380000000000
861	3.54268442622951
862	3.53663191489362
863	3.53478055555556
864	3.53097058823529
865	3.52790884353742
866	3.53212187500000
867	3.53183258426966
868	3.53450000000000
869	3.53221851851852
870	3.53396122448980
871	3.53529436619718
872	3.53499587628866
873	3.52976423357664
874	3.52193666666667
875	3.51850153846154
876	3.51930740740741
877	3.52027500000000
878	3.52100422535211
879	3.51983670886076
880	3.51970000000000
881	3.52106111111111
882	3.52375263157895
883	3.52507500000000
884	3.52749787234043
885	3.52844239130435
886	3.52937600000000
887	3.52508770491803
888	3.52018354430380
889	3.51706942675159
890	3.51820588235294
891	3.50470000000000
892	3.50500000000000
893	3.50513776223776
894	3.50537360000000
895	3.50270000000000
896	3.50283302752294
897	3.50610000000000
898	3.50636823529412
899	3.50530769230769
900	3.50615700000000
901	3.50470000000000
902	3.50499322033898
903	3.49943305084746
904	3.49900000000000
905	3.49605742574257
906	3.49498981481482
907	3.49425643564356
908	3.49365596330275
909	3.49284311926606
910	3.49042456140351
911	3.48916717557252
912	3.48655217391304
913	3.48510000000000
914	3.48514000000000
915	3.48475230769231
916	3.48438965517241
917	3.48476462585034
918	3.48427633587786
919	3.48320000000000
920	3.48244666666667
921	3.48197887323944
922	3.47856202531646
923	3.47593809523810
924	3.47543676470588
925	3.47141473684211
926	3.47214000000000
927	3.47030000000000
928	3.46925257731959
929	3.46820000000000
930	3.46727258064516
931	3.46423478260870
932	3.46373937007874
933	3.46362916666667
934	3.46350000000000
935	3.46318518518519
936	3.46320000000000
937	3.46247608695652
938	3.46230000000000
939	3.46110468750000
940	3.45985075757576
941	3.45958584905660
942	3.45953506493507
943	3.45985486725664
944	3.45851194029851
945	3.45813693693694
946	3.45480000000000
947	3.45465811965812
948	3.45528496240602
949	3.45413979591837
950	3.45380000000000
951	3.45355000000000
952	3.45396176470588
953	3.45346694214876
954	3.45258750000000
955	3.45211363636364
956	3.45180964912281
957	3.45272941176471
958	3.45231224489796
959	3.45150000000000
960	3.45130000000000
961	3.45130000000000
962	3.45130000000000
963	3.45160000000000
964	3.45144824561404
965	3.45147333333333
966	3.45090000000000
967	3.45086055045872
968	3.44981272727273
969	3.44850952380952
970	3.44809855072464
971	3.44351132075472
972	3.44209729729730
973	3.44121172839506
974	3.43961000000000
975	3.43929090909091
976	3.43998395061728
977	3.44057187500000
978	3.43892526315789
979	3.43810000000000
980	3.43780000000000
981	3.43630000000000
982	3.43620000000000
983	3.43641320754717
984	3.43421089108911
985	3.43408571428571
986	3.43526699029126
987	3.43356964285714
988	3.43488750000000
989	3.43431016949153
990	3.43153783783784
991	3.43119870129870
992	3.43119727272727
993	3.43045384615385
994	3.42595869565217
995	3.42623396226415
996	3.42492567567568
997	3.42547529411765
998	3.41761875000000
999	3.41800000000000
1000	3.41776012269939
1001	3.41710000000000
1002	3.41640000000000
1003	3.40947000000000
1004	3.40385562913907
1005	3.40433571428571
1006	3.40270000000000
1007	3.40377439024390
1008	3.40363280000000
1009	3.40376521739130
1010	3.40371023622047
1011	3.40311851851852
1012	3.40184084507042
1013	3.40294375000000
1014	3.40654285714286
1015	3.40878974358974
1016	3.40751494252874
1017	3.40808571428571
1018	3.41090000000000
1019	3.41235753424658
1020	3.41014444444444
1021	3.41189850746269
1022	3.40957252747253
1023	3.41172682926829
1024	3.41036065573771
1025	3.41137340425532
1026	3.41288888888889
1027	3.42066333333333
1028	3.42089504132231
1029	3.42100000000000
1030	3.41868461538462
1031	3.41756890756303
1032	3.41816916666667
1033	3.41724827586207
1034	3.41863698630137
1035	3.42540168067227
1036	3.42310935251799
1037	3.42470000000000
1038	3.42612815533981
1039	3.42543764705882
1040	3.42470000000000
1041	3.42162347826087
1042	3.42136545454545
1043	3.42162151898734
1044	3.41984044943820
1045	3.41873430656934
1046	3.41739230769231
1047	3.41078088235294
1048	3.40941940298508
1049	3.41429042553192
1050	3.41573698630137
1051	3.41221714285714
1052	3.40779878048781
1053	3.40431447368421
1054	3.40010000000000
1055	3.40057798742138
1056	3.39949681528662
1057	3.39938089887640
1058	3.40009130434783
1059	3.40001603053435
1060	3.40086076923077
1061	3.40074857142857
1062	3.40057564102564
1063	3.40038144329897
1064	3.40010000000000
1065	3.40134200000000
1066	3.39555294117647
1067	3.39660000000000
1068	3.39500937500000
1069	3.39304313725490
1070	3.38970389610390
1071	3.38866410256410
1072	3.38770000000000
1073	3.38780736842105
1074	3.38880000000000
1075	3.38816800000000
1076	3.38580000000000
1077	3.38494827586207
1078	3.38366956521739
1079	3.38262025316456
1080	3.38284264705882
1081	3.38261474358974
1082	3.38325067567568
1083	3.38311029411765
1084	3.38310000000000
1085	3.38203802816901
1086	3.38138133333333
1087	3.38025357142857
1088	3.38066818181818
1089	3.37819843750000
1090	3.37869600000000
1091	3.37801619047619
1092	3.37752777777778
1093	3.37770000000000
1094	3.37751946308725
1095	3.37964014598540
1096	3.37950000000000
1097	3.37943333333333
1098	3.37939457364341
1099	3.37770000000000
1100	3.37775923076923
2017/11/03 06:02:18  1101 2
0	4.02917777777782
1	4.01806666666667
2	4.00695555555555
3	3.99584444444444
4	3.99050000000000
5	3.98950000000000
6	3.98937187500000
7	3.99419000000000
8	3.99177142857143
9	3.99511400000000
10	3.99591764705882
11	3.99557131147541
12	3.99571685393258
13	3.99530955882353
14	3.99331919191919
15	3.99184573991031
16	3.99112456140351
17	3.99163777777778
18	3.99201864406780
19	3.99058566308244
20	3.99043584229391
21	3.99034951456311
22	3.99126086956522
23	3.99230000000000
24	3.99460900900901
25	3.99687801047120
26	3.99723873873874
27	3.99718202247191
28	3.99792746113990
29	3.99677457627119
30	3.99676296296296
31	3.99683000000000
32	3.99856136363636
33	3.99860000000000
34	3.99819266055046
35	3.99743333333333
36	3.99764230769231
37	3.99760000000000
38	3.99754880000000
39	3.99750000000000
40	3.99813076923077
41	3.99853461538462
42	3.99855514018692
43	3.99799142857143
44	3.99780823529412
45	3.99884444444445
46	3.99944242424242
47	3.99930155038760
48	4.00726434108527
49	4.00828000000000
50	4.03291904761905
51	4.03288750000000
52	4.03398235294118
53	4.03608723404255
54	4.03624429530201
55	4.03690982142857
56	4.03867887323944
57	4.03994965517241
58	4.03987050359712
59	4.03972857142857
60	4.03726400000000
61	4.04333000000000
62	4.05081186440678
63	4.05595844155844
64	4.05708115183246
65	4.05810000000000
66	4.05701000000000
67	4.06779738219895
68	4.06796538461538
69	4.07196815286624
70	4.07236458333333
71	4.07324475524476
72	4.08394549763033
73	4.08297387387387
74	4.08050149253731
75	4.08279333333333
76	4.08776382978723
77	4.10132827004219
78	4.10326060606061
79	4.11295401069519
80	4.13620909090909
81	4.13689534883721
82	4.14427757847534
83	4.14785194805195
84	4.15432700000000
85	4.16534342105263
86	4.13860000000000
87	4.18016986301370
88	4.20606850828729
89	4.21251775147929
90	4.21560206185567
91	4.21535555555556
92	4.21613860759494
93	4.21674602272727
94	4.21677826086957
95	4.21560000000000
96	4.21367482014388
97	4.20577401129944
98	4.20334808743169
99	4.20420656934307
100	4.20460909090909
101	4.20539888888889
102	4.20522887323944
103	4.20520000000000
104	4.20458554913295
105	4.20477661290323
106	4.20500000000000
107	4.20678646288210
108	4.20820000000000
109	4.21436027874564
110	4.21938345323741
111	4.22744670658683
112	4.22227252747253
113	4.28523284313726
114	4.28923451776650
115	4.29551450381679
116	4.26870810810811
117	4.27836605504587
118	4.29525179856115
119	4.29802608695652
120	4.30267333333333
121	4.30398540145986
122	4.30175625000000
123	4.31439705882353
124	4.31749122807018
125	4.31770000000000
126	4.31781042944785
127	4.31611900826446
128	4.31969378531074
129	4.32114805194805
130	4.32150000000000
131	4.32149489795918
132	4.32150000000000
133	4.32150752212389
134	4.32244163424125
135	4.32250000000000
136	4.32252930232558
137	4.32215238095238
138	4.32233023255814
139	4.32282444444445
140	4.32310000000000
141	4.32380000000000
142	4.32394173913044
143	4.32400000000000
144	4.32427444444445
145	4.32467368421053
146	4.32490000000000
147	4.32757925531915
148	4.32873050847458
149	4.32786060606061
150	4.33274626865672
151	4.33470000000000
152	4.33560000000000
153	4.33312173913043
154	4.33281034482759
155	4.33280000000000
156	4.33320420168067
157	4.33260000000000
158	4.33540000000000
159	4.33560000000000
160	4.33660000000000
161	4.33695068493151
162	4.33486774193548
163	4.33304561403509
164	4.33250000000000
165	4.33270000000000
166	4.32970000000000
167	4.33002784810127
168	4.32844689655173
169	4.32845935483871
170	4.32564782608696
171	4.32487547169811
172	4.32424848484849
173	4.32539402985075
174	4.32391494252874
175	4.32410000000000
176	4.32409356435644
177	4.32344150943396
178	4.32085224719101
179	4.32040000000000
180	4.32061272727273
181	4.32006716417911
182	4.31942477876106
183	4.31920000000000
184	4.31892235294118
185	4.31900000000000
186	4.31869708737864
187	4.31865903614458
188	4.31870000000000
189	4.31870000000000
190	4.31890000000000
191	4.31888552631579
192	4.31910000000000
193	4.31966473988439
194	4.31976374269006
195	4.31966136363636
196	4.32002456140351
197	4.32121866666667
198	4.32188983050847
199	4.32270000000000
200	4.32418135593220
201	4.32190000000000
202	4.32410519480520
203	4.32568731707317
204	4.32658169014085
205	4.32975789473684
206	4.33144655172414
207	4.32801656804734
208	4.33203913043478
209	4.33240000000000
210	4.33208333333333
211	4.33100000000000
212	4.33102713178295
213	4.33110000000000
214	4.33080000000000
215	4.33063017241379
216	4.33070000000000
217	4.33030277777778
218	4.32994843750000
219	4.32980000000000
220	4.32990000000000
221	4.32936206896552
222	4.32922631578947
223	4.32963040935673
224	4.32907794871795
225	4.32917766990291
226	4.32908850574713
227	4.32817800000000
228	4.32933963133641
229	4.32870000000000
230	4.32946973684211
231	4.32957164179105
232	4.32910592885376
233	4.32841111111111
234	4.32930000000000
235	4.32815294117647
236	4.32760000000000
237	4.32702884615385
238	4.32671372549020
239	4.32829401709402
240	4.32694278350516
241	4.32593686440678
242	4.32597119341564
243	4.32614676616915
244	4.32629527559055
245	4.32684193548387
246	4.32645937500000
247	4.32470326086957
248	4.32380000000000
249	4.32010478260870
250	4.32185212765957
251	4.32149393939394
252	4.32231826923077
253	4.30823396226415
254	4.30285830508475
255	4.30207563636364
256	4.29951707317073
257	4.30115714285714
258	4.30528260869565
259	4.29824387755102
260	4.29880000000000
261	4.29870036630037
262	4.29842240000000
263	4.29843636363636
264	4.29957200000000
265	4.29965528455285
266	4.29827500000000
267	4.29832453987730
268	4.29794285714286
269	4.29730000000000
270	4.29837222222222
271	4.29775255474453
272	4.29643809523810
273	4.29636233766234
274	4.29578125000000
275	4.29469473684211
276	4.29524271356784
277	4.29573883495146
278	4.29508375000000
279	4.29540571428571
280	4.29600863309353
281	4.29594697986577
282	4.29381495327103
283	4.29555576923077
284	4.29467407407407
285	4.29556608695652
286	4.29474695652174
287	4.29278037383178
288	4.29243750000000
289	4.29080588235294
290	4.28898800000000
291	4.28694489795918
292	4.28440930232558
293	4.28200450450450
294	4.28106666666667
295	4.27923476702509
296	4.27837857142857
297	4.27752658227848
298	4.27908940397351
299	4.27979611650486
300	4.27793544303798
301	4.27730000000000
302	4.27760000000000
303	4.27711379310345
304	4.27870000000000
305	4.27112348178138
306	4.27110000000000
307	4.27117945736434
308	4.27110469483568
309	4.27104736842105
310	4.27041803278689
311	4.25999910714286
312	4.25942030075188
313	4.25715855263158
314	4.25752774566474
315	4.25786114285714
316	4.25769230769231
317	4.25824843750000
318	4.25810000000000
319	4.25794402985075
320	4.25526264367816
321	4.25428854166667
322	4.25410000000000
323	4.24264700854701
324	4.24287272727273
325	4.22907830188679
326	4.22841923076923
327	4.22848857142857
328	4.22658666666667
329	4.22509685863874
330	4.21135161290323
331	4.21001500000000
332	4.20900887573965
333	4.21704482758621
334	4.20782054794521
335	4.19729322033898
336	4.18405543478261
337	4.17349693251534
338	4.16797961165049
339	4.16504615384615
340	4.16266595744681
341	4.16105629139073
342	4.15739642857143
343	4.15511589403974
344	4.15243846153846
345	4.14885914396887
346	4.13887967479675
347	4.13458031914894
348	4.13300000000000
349	4.14816410256410
350	4.13391673306773
351	4.13365195729537
352	4.13499647887324
353	4.13520000000000
354	4.13570000000000
355	4.13619558823529
356	4.13909756097561
357	4.14372366412214
358	4.14340325203252
359	4.14307300613497
360	4.14226410256410
361	4.14442051282051
362	4.14416648936170
363	4.14320000000000
364	4.14304011976048
365	4.14202201834862
366	4.14321851851852
367	4.14187734375000
368	4.12484545454545
369	4.11464491525424
370	4.11311923076923
371	4.11023986013986
372	4.10995454545455
373	4.10973200000000
374	4.10704545454546
375	4.10651170731707
376	4.10612269938650
377	4.10641818181818
378	4.10548780487805
379	4.10506734693878
380	4.10212857142857
381	4.10142307692308
382	4.09607769784173
383	4.09394835164835
384	4.09270000000000
385	4.09244475524475
386	4.09569207920792
387	4.09695714285714
388	4.09407437185930
389	4.08325666666667
390	4.08049770992366
391	4.08008627450980
392	4.08650714285714
393	4.07901180124224
394	4.07742895927602
395	4.07688990384615
396	4.07573093525180
397	4.07958153846154
398	4.07525200000000
399	4.07307187500000
400	4.06918825622776
401	4.06657269230769
402	4.06360000000000
403	4.06359069767442
404	4.07003129496403
405	4.06062500000000
406	4.05695943396226
407	4.05744354066986
408	4.05768952879581
409	4.06066451612903
410	4.06028233215548
411	4.05600000000000
412	4.05467642276423
413	4.05270833333333
414	4.05852706422018
415	4.04980000000000
416	4.04446468085106
417	4.04385900621118
418	4.05139655172414
419	4.04180740740741
420	4.03832474226804
421	4.03768381502890
422	4.03654659090909
423	4.03589620253165
424	4.03299540229885
425	4.03133364055300
426	4.03000000000000
427	4.02928082191781
428	4.03339411764706
429	4.02823942307692
430	4.02752413793103
431	4.02708969696970
432	4.02611520467836
433	4.02509400000000
434	4.02385089285714
435	4.02480833333333
436	4.02157890625000
437	4.01980068027211
438	4.01892941176471
439	4.01820000000000
440	4.01790000000000
441	4.01581809523810
442	4.01474772727273
443	4.01130000000000
444	4.00959496402878
445	4.00088285714286
446	3.99709330543933
447	3.99464908256881
448	3.99055287356322
449	3.98710000000000
450	3.99966823529412
451	3.98438560885609
452	3.97374012738854
453	3.97376751269036
454	3.97350220264317
455	3.98029381443299
456	3.97787323943662
457	3.97113714285714
458	3.96632040816327
459	3.96220000000000
460	3.95871696428571
461	3.95748103448276
462	3.95600000000000
463	3.95277816901408
464	3.95120952380952
465	3.94522962962963
466	3.94501553030303
467	3.94298901098901
468	3.94993617021277
469	3.94536687116564
470	3.93566042780749
471	3.93280740740741
472	3.92973064516129
473	3.92761206896552
474	3.92614588235294
475	3.92350000000000
476	3.92135113636364
477	3.91932222222222
478	3.91889777777778
479	3.91686875000000
480	3.91515545454545
481	3.90945043478261
482	3.90630314960630
483	3.90382380952381
484	3.90214523809524
485	3.89775765765766
486	3.88430470588235
487	3.88312386363636
488	3.88060000000000
489	3.87925947712418
490	3.87930000000000
491	3.87782444444444
492	3.87760000000000
493	3.87757105263158
494	3.87670000000000
495	3.87640375939850
496	3.87562500000000
497	3.87487567567568
498	3.87460892857143
499	3.87470000000000
500	3.87452148760331
501	3.87440000000000
502	3.87438311688312
503	3.87440000000000
504	3.87390000000000
505	3.87054727272727
506	3.86923361344538
507	3.86988500000000
508	3.86796000000000
509	3.86540000000000
510	3.86417500000000
511	3.86089928057554
512	3.86045416666667
513	3.85980895522388
514	3.85435000000000
515	3.85347500000000
516	3.85216886792453
517	3.85125620437956
518	3.84817272727273
519	3.84391391304348
520	3.83896000000000
521	3.83860000000000
522	3.83743809523810
523	3.83741230769231
524	3.82972748091603
525	3.82866037735849
526	3.82290000000000
527	3.82063770491803
528	3.81618333333333
529	3.79858088235294
530	3.79800000000000
531	3.79811600000000
532	3.79810000000000
533	3.79791960784314
534	3.80695531914894
535	3.79809411764706
536	3.79687323943662
537	3.79490382165605
538	3.79514379084967
539	3.79174406779661
540	3.79285609756098
541	3.79250000000000
542	3.79276470588235
543	3.79282230215827
544	3.79258548387097
545	3.79270000000000
546	3.79349719626168
547	3.79246428571429
548	3.79244468085106
549	3.79290000000000
550	3.79259894179894
551	3.79260000000000
552	3.79323045977012
553	3.79350000000000
554	3.79250651340996
555	3.79182827868852
556	3.78746157635468
557	3.78487931034483
558	3.79236511627907
559	3.78517076923077
560	3.78367500000000
561	3.77862142857143
562	3.77739401197605
563	3.77650000000000
564	3.77623030303030
565	3.77320916666667
566	3.77310962962963
567	3.77223870967742
568	3.76927083333333
569	3.76879180327869
570	3.76839791666667
571	3.77114591836735
572	3.76782791878173
573	3.76879878048781
574	3.76859844357977
575	3.76535233644860
576	3.76469565217391
577	3.76805862068966
578	3.76500000000000
579	3.76491237623762
580	3.76520000000000
581	3.76540000000000
582	3.76519262672811
583	3.76492387096774
584	3.76580000000000
585	3.76545352112676
586	3.76054940239044
587	3.75477941176471
588	3.75148056680162
589	3.74971361256544
590	3.75553333333334
591	3.75001804511278
592	3.74608750000000
593	3.74540000000000
594	3.74243488372093
595	3.73854473684211
596	3.74381333333334
597	3.73582666666667
598	3.73550373831776
599	3.73516507936508
600	3.73511275167785
601	3.73416394557823
602	3.73509491525424
603	3.73453160621762
604	3.73480000000000
605	3.73482341772152
606	3.73608400000000
607	3.73465294117647
608	3.73390000000000
609	3.73439253731343
610	3.73444736842105
611	3.73454965034965
612	3.73451987577640
613	3.73328488372093
614	3.73372307692308
615	3.73195259259259
616	3.73191594202899
617	3.73120000000000
618	3.73213157894737
619	3.73081600000000
620	3.73080000000000
621	3.73070000000000
622	3.72723783783784
623	3.72640000000000
624	3.72617164179104
625	3.71901161290323
626	3.71650000000000
627	3.71640291262136
628	3.71621475409836
629	3.71685319148936
630	3.71780217391304
631	3.71675187500000
632	3.71540268456376
633	3.71135348837209
634	3.71186200000000
635	3.70985531914894
636	3.70804551724138
637	3.70648155339806
638	3.70740422535211
639	3.70659146341463
640	3.70425124378110
641	3.70089780219780
642	3.69902571428571
643	3.69741481481481
644	3.69760000000000
645	3.69554620689655
646	3.69269078947368
647	3.69235296442688
648	3.69128814229249
649	3.69087560975610
650	3.69221818181818
651	3.69301666666667
652	3.68639157894737
653	3.68315500000000
654	3.68250000000000
655	3.68120000000000
656	3.68220270270270
657	3.67990000000000
658	3.67814532019704
659	3.67555049504951
660	3.67381714285714
661	3.67233206106870
662	3.67860000000000
663	3.67198809523810
664	3.66896551724138
665	3.66930000000000
666	3.66914354838710
667	3.66829727891156
668	3.67021186440678
669	3.66862873563218
670	3.66798104575163
671	3.66699433962264
672	3.66642000000000
673	3.66634651162791
674	3.66680336134454
675	3.66625333333333
676	3.66586231884058
677	3.66640000000000
678	3.66460129870130
679	3.66566744186047
680	3.66480000000000
681	3.66324604651163
682	3.66233491124260
683	3.66470410958904
684	3.66488620689655
685	3.67523905325444
686	3.68802037037037
687	3.67653617021277
688	3.66862935779817
689	3.67794609375000
690	3.68214186046512
691	3.67791428571429
692	3.67974444444445
693	3.69179255813954
694	3.69537864077670
695	3.69394929577465
696	3.68615555555556
697	3.68107008547009
698	3.66914651162791
699	3.66855000000000
700	3.67634117647059
701	3.67593859649123
702	3.67553164556962
703	3.67033220338983
704	3.66976588235294
705	3.67566444444444
706	3.68817777777778
707	3.69579090909091
708	3.69401179245283
709	3.69130761904762
710	3.69037687500000
711	3.69072595155709
712	3.69155109489051
713	3.69287272727273
714	3.69540000000000
715	3.69159247311828
716	3.70055769230769
717	3.69270000000000
718	3.69643015873016
719	3.70041739130435
720	3.69824285714286
721	3.69913400000000
722	3.69217619047619
723	3.69251407407407
724	3.68958433734940
725	3.68950000000000
726	3.69125833333333
727	3.68517062937063
728	3.68250000000000
729	3.68297560975610
730	3.68147672955975
731	3.67725945945946
732	3.67720000000000
733	3.67972057142857
734	3.67433874345550
735	3.67170563380282
736	3.67602727272727
737	3.67280000000000
738	3.67610000000000
739	3.68201428571429
740	3.68128808290155
741	3.68038157894737
742	3.68119013157895
743	3.68002664092664
744	3.67370923482850
745	3.67501492957747
746	3.67486853932584
747	3.67648241206030
748	3.67596132075472
749	3.67670000000000
750	3.67670000000000
751	3.67730446735395
752	3.67651122807018
753	3.67696104972376
754	3.67578795811518
755	3.67503111111111
756	3.67599322033898
757	3.67640000000000
758	3.67546555555556
759	3.67478059701493
760	3.67603663366337
761	3.67347398843931
762	3.67257500000000
763	3.67428846153846
764	3.67394388489209
765	3.67098785046729
766	3.66850512820513
767	3.66960000000000
768	3.66797619047619
769	3.66480000000000
770	3.66473174603175
771	3.66863115942029
772	3.66568711656442
773	3.66510597826087
774	3.66536842105263
775	3.66590000000000
776	3.66551111111111
777	3.66652909090909
778	3.66723170731707
779	3.66554044943820
780	3.66751315789474
781	3.66616086956522
782	3.66490000000000
783	3.66700000000000
784	3.66483000000000
785	3.66464021739130
786	3.66520000000000
787	3.66552222222222
788	3.66582641509434
789	3.66570833333333
790	3.66390000000000
791	3.66150000000000
792	3.66113356164384
793	3.66230000000000
794	3.66177263157895
795	3.65801803278689
796	3.65768823529412
797	3.65630575539568
798	3.65390945945946
799	3.65261515151515
800	3.65241197604790
801	3.64851363636364
802	3.64790000000000
803	3.65221739130435
804	3.64673870967742
805	3.64462843137255
806	3.64481005291005
807	3.64460781250000
808	3.64657415730337
809	3.64600299625468
810	3.64454308510638
811	3.64590000000000
812	3.64543671875000
813	3.64130000000000
814	3.64525245901639
815	3.64122803738318
816	3.64077045454545
817	3.63999655172414
818	3.63950151515152
819	3.63879222222222
820	3.63884590163934
821	3.63850839160839
822	3.63814310344828
823	3.63780000000000
824	3.63241414141414
825	3.63053241758242
826	3.62208786407767
827	3.61440625000000
828	3.61962530120482
829	3.60508210526316
830	3.60175000000000
831	3.59510000000000
832	3.59490600000000
833	3.60188780487805
834	3.59665030303030
835	3.59268529411765
836	3.59279181818182
837	3.59095399061033
838	3.59032083333333
839	3.59442117647059
840	3.59295985401460
841	3.59102957746479
842	3.59100655737705
843	3.58530000000000
844	3.58448955223881
845	3.58879653179191
846	3.58580000000000
847	3.58355555555556
848	3.57775751295337
849	3.57584509803922
850	3.58201074380165
851	3.57413076923077
852	3.57001899441341
853	3.57213548387097
854	3.57523030303030
855	3.57701481481482
856	3.57816595744681
857	3.57919163498099
858	3.57417050359712
859	3.57115790960452
860	3.56812941176471
861	3.56718939393939
862	3.57087222222222
863	3.56811081081081
864	3.55832857142857
865	3.55688813559322
866	3.56598000000000
867	3.56030106382979
868	3.56030000000000
869	3.56053040752351
870	3.56247735849057
871	3.56002704918033
872	3.56151398601399
873	3.56160594795539
874	3.56120000000000
875	3.55338305084746
876	3.55314491017964
877	3.55735656250000
878	3.55668447653430
879	3.55322941176471
880	3.55579099526066
881	3.55520558375635
882	3.54949130434783
883	3.55361034482759
884	3.54980000000000
885	3.54635769230769
886	3.54848709677419
887	3.54944485981308
888	3.54982121212121
889	3.54773725490196
890	3.54474587155963
891	3.54896363636364
892	3.54156341463415
893	3.53738942307692
894	3.53670000000000
895	3.54410547945205
896	3.53742815533981
897	3.53630000000000
898	3.54133716814159
899	3.53666504065041
900	3.53620000000000
901	3.53666298701299
902	3.53661287128713
903	3.53834897959184
904	3.54060952380952
905	3.54170000000000
906	3.53371581196581
907	3.52862352941176
908	3.52532520661157
909	3.52253743842364
910	3.52068510638298
911	3.52875729537367
912	3.51999863945578
913	3.51937079646018
914	3.51863442622951
915	3.51488630136986
916	3.52015925925926
917	3.51930689655172
918	3.51299259259259
919	3.50334666666667
920	3.50810000000000
921	3.50639523809524
922	3.50745500000000
923	3.50782925531915
924	3.50845181347150
925	3.50714411764706
926	3.50576904761905
927	3.50836315789474
928	3.50228532110092
929	3.50197217391304
930	3.50310000000000
931	3.50463000000000
932	3.50156424242424
933	3.50230000000000
934	3.50159905660377
935	3.50216800000000
936	3.50238175182482
937	3.50025454545455
938	3.49880714285714
939	3.50010572916667
940	3.49655125628141
941	3.49430000000000
942	3.49845666666667
943	3.49432903225807
944	3.49120000000000
945	3.49564197530864
946	3.48092480000000
947	3.47850000000000
948	3.48180000000000
949	3.47424905660377
950	3.46794098360656
951	3.46759248120301
952	3.46970000000000
953	3.46677272727273
954	3.46500340909091
955	3.46353763440860
956	3.46124356435644
957	3.46392117647059
958	3.46004094488189
959	3.45930263157895
960	3.45725882352941
961	3.46124475138122
962	3.45860000000000
963	3.45867692307692
964	3.45402368421053
965	3.45545798319328
966	3.45580675675676
967	3.45530000000000
968	3.45517158469945
969	3.45510000000000
970	3.45540967741936
971	3.45343650793651
972	3.45055000000000
973	3.45067050359712
974	3.44554285714286
975	3.44278571428571
976	3.43603507853403
977	3.43928703703704
978	3.43610000000000
979	3.44122692307692
980	3.44081794871795
981	3.44454784482759
982	3.44599915254237
983	3.44884466019418
984	3.44575443786982
985	3.44513400000000
986	3.44497272727273
987	3.44372647058824
988	3.44752105263158
989	3.44814890829694
990	3.44808000000000
991	3.45025000000000
992	3.44914974358974
993	3.45098205128205
994	3.45142488479263
995	3.45096132075472
996	3.45066458333333
997	3.45150197044335
998	3.45141959798995
999	3.44217850467290
1000	3.44803548387097
1001	3.44405319148936
1002	3.43790824742268
1003	3.44581973684211
1004	3.44412894736842
1005	3.44600000000000
1006	3.44820000000000
1007	3.44768734177215
1008	3.44556470588235
1009	3.44454000000000
1010	3.44522836879433
1011	3.44547176470588
1012	3.44666452991453
1013	3.44690369003690
1014	3.44692049469965
1015	3.44640740740741
1016	3.44620934844193
1017	3.44501424332344
1018	3.44248150000000
1019	3.44562489795918
1020	3.44575294117647
1021	3.44570724637681
1022	3.44683610108303
1023	3.44610000000000
1024	3.44650268456376
1025	3.44620000000000
1026	3.44745594405594
1027	3.44849248366013
1028	3.44870000000000
1029	3.44879554655870
1030	3.44837792207792
1031	3.44860000000000
1032	3.44716269841270
1033	3.44780000000000
1034	3.44726512820513
1035	3.44553600000000
1036	3.44569166666667
1037	3.44680000000000
1038	3.44505833333333
1039	3.44245600000000
1040	3.43965564516129
1041	3.43824166666667
1042	3.43941623376623
1043	3.43874494382022
1044	3.43985853658537
1045	3.43808305084746
1046	3.43501025641026
1047	3.43543888888889
1048	3.43388960000000
1049	3.43741881188119
1050	3.43975076923077
1051	3.44136000000000
1052	3.43960000000000
1053	3.43813488372093
1054	3.44029760000000
1055	3.44098064516129
1056	3.44334444444444
1057	3.44260419580420
1058	3.44529687500000
1059	3.44092666666667
1060	3.44040000000000
1061	3.44038611111111
1062	3.44063333333333
1063	3.44123006134969
1064	3.44198262910798
1065	3.44207959183674
1066	3.44232765957447
1067	3.44349921259842
1068	3.44612558139535
1069	3.44601538461539
1070	3.44645615763547
1071	3.44575000000000
1072	3.44557113402062
1073	3.44551167883212
1074	3.44611008403361
1075	3.44610000000000
1076	3.44421250000000
1077	3.44049448818898
1078	3.43960000000000
1079	3.44019416342412
1080	3.44029931034483
1081	3.43901468531469
1082	3.43953493975904
1083	3.43683859649123
1084	3.43732222222222
1085	3.43700000000000
1086	3.43700857142857
1087	3.43693035714286
1088	3.43241894736842
1089	3.43403503184713
1090	3.43380473933649
1091	3.43359931506849
1092	3.43584626865672
1093	3.43712171945701
1094	3.43850000000000
1095	3.43850000000000
1096	3.43813576642336
1097	3.43810000000000
1098	3.43753010752688
1099	3.43704140625000
1100	3.43683235294118